,Unnamed: 0,text_id,term_id,text,term,polarity,example1_term_id,example1_prompt,example2_term_id,example2_prompt,example3_term_id,example3_prompt,polarity_pred,prompt_name,prompt
0,0,0,0,"Amusing details distinguish desserts, from dulce de leche ice-cream profiteroles dotting a chocolate sauce tic-tac-toe board, to coconut custard surrounded by a sea of Malibu-rum gelee and poached pineapple.",desserts,positive,0,"Input: ""The decor is not special at all but their food and amazing prices make up for it.""
Term: decor
Output: negative
",3,"Input: ""when tables opened up, the manager sat another party before us.""
Term: tables
Output: neutral
",9,"Input: ""service is good although a bit in your face, we were asked every five mins if food was ok, but better that than being ignored.""
Term: service
Output: positive
",positive,prompt_single_term_fewshot,"Example 1:
Input: ""The decor is not special at all but their food and amazing prices make up for it.""
Term: decor
Output: negative


Example 2:
Input: ""when tables opened up, the manager sat another party before us.""
Term: tables
Output: neutral


Example 3
Input: ""service is good although a bit in your face, we were asked every five mins if food was ok, but better that than being ignored.""
Term: service
Output: positive

    
Task:
Input: Amusing details distinguish desserts, from dulce de leche ice-cream profiteroles dotting a chocolate sauce tic-tac-toe board, to coconut custard surrounded by a sea of Malibu-rum gelee and poached pineapple.
Prompt: What is the sentiment in the text towards 'desserts'? Only respond with ""positive"", ""negative"" or ""neutral"" as one word."
1,1,0,1,"Amusing details distinguish desserts, from dulce de leche ice-cream profiteroles dotting a chocolate sauce tic-tac-toe board, to coconut custard surrounded by a sea of Malibu-rum gelee and poached pineapple.",dulce de leche ice-cream,neutral,0,"Input: ""The decor is not special at all but their food and amazing prices make up for it.""
Term: decor
Output: negative
",3,"Input: ""when tables opened up, the manager sat another party before us.""
Term: tables
Output: neutral
",9,"Input: ""service is good although a bit in your face, we were asked every five mins if food was ok, but better that than being ignored.""
Term: service
Output: positive
",positive,prompt_single_term_fewshot,"Example 1:
Input: ""The decor is not special at all but their food and amazing prices make up for it.""
Term: decor
Output: negative


Example 2:
Input: ""when tables opened up, the manager sat another party before us.""
Term: tables
Output: neutral


Example 3
Input: ""service is good although a bit in your face, we were asked every five mins if food was ok, but better that than being ignored.""
Term: service
Output: positive

    
Task:
Input: Amusing details distinguish desserts, from dulce de leche ice-cream profiteroles dotting a chocolate sauce tic-tac-toe board, to coconut custard surrounded by a sea of Malibu-rum gelee and poached pineapple.
Prompt: What is the sentiment in the text towards 'dulce de leche ice-cream'? Only respond with ""positive"", ""negative"" or ""neutral"" as one word."
2,2,0,2,"Amusing details distinguish desserts, from dulce de leche ice-cream profiteroles dotting a chocolate sauce tic-tac-toe board, to coconut custard surrounded by a sea of Malibu-rum gelee and poached pineapple.",chocolate sauce tic-tac-toe,neutral,0,"Input: ""The decor is not special at all but their food and amazing prices make up for it.""
Term: decor
Output: negative
",3,"Input: ""when tables opened up, the manager sat another party before us.""
Term: tables
Output: neutral
",9,"Input: ""service is good although a bit in your face, we were asked every five mins if food was ok, but better that than being ignored.""
Term: service
Output: positive
",positive,prompt_single_term_fewshot,"Example 1:
Input: ""The decor is not special at all but their food and amazing prices make up for it.""
Term: decor
Output: negative


Example 2:
Input: ""when tables opened up, the manager sat another party before us.""
Term: tables
Output: neutral


Example 3
Input: ""service is good although a bit in your face, we were asked every five mins if food was ok, but better that than being ignored.""
Term: service
Output: positive

    
Task:
Input: Amusing details distinguish desserts, from dulce de leche ice-cream profiteroles dotting a chocolate sauce tic-tac-toe board, to coconut custard surrounded by a sea of Malibu-rum gelee and poached pineapple.
Prompt: What is the sentiment in the text towards 'chocolate sauce tic-tac-toe'? Only respond with ""positive"", ""negative"" or ""neutral"" as one word."
3,3,0,3,"Amusing details distinguish desserts, from dulce de leche ice-cream profiteroles dotting a chocolate sauce tic-tac-toe board, to coconut custard surrounded by a sea of Malibu-rum gelee and poached pineapple.",poached pineapple,neutral,0,"Input: ""The decor is not special at all but their food and amazing prices make up for it.""
Term: decor
Output: negative
",3,"Input: ""when tables opened up, the manager sat another party before us.""
Term: tables
Output: neutral
",9,"Input: ""service is good although a bit in your face, we were asked every five mins if food was ok, but better that than being ignored.""
Term: service
Output: positive
",positive,prompt_single_term_fewshot,"Example 1:
Input: ""The decor is not special at all but their food and amazing prices make up for it.""
Term: decor
Output: negative


Example 2:
Input: ""when tables opened up, the manager sat another party before us.""
Term: tables
Output: neutral


Example 3
Input: ""service is good although a bit in your face, we were asked every five mins if food was ok, but better that than being ignored.""
Term: service
Output: positive

    
Task:
Input: Amusing details distinguish desserts, from dulce de leche ice-cream profiteroles dotting a chocolate sauce tic-tac-toe board, to coconut custard surrounded by a sea of Malibu-rum gelee and poached pineapple.
Prompt: What is the sentiment in the text towards 'poached pineapple'? Only respond with ""positive"", ""negative"" or ""neutral"" as one word."
4,4,1,4,The server was so busy the night we visited that she forgot to put in our food order.,server,negative,0,"Input: ""The decor is not special at all but their food and amazing prices make up for it.""
Term: decor
Output: negative
",3,"Input: ""when tables opened up, the manager sat another party before us.""
Term: tables
Output: neutral
",9,"Input: ""service is good although a bit in your face, we were asked every five mins if food was ok, but better that than being ignored.""
Term: service
Output: positive
",negative,prompt_single_term_fewshot,"Example 1:
Input: ""The decor is not special at all but their food and amazing prices make up for it.""
Term: decor
Output: negative


Example 2:
Input: ""when tables opened up, the manager sat another party before us.""
Term: tables
Output: neutral


Example 3
Input: ""service is good although a bit in your face, we were asked every five mins if food was ok, but better that than being ignored.""
Term: service
Output: positive

    
Task:
Input: The server was so busy the night we visited that she forgot to put in our food order.
Prompt: What is the sentiment in the text towards 'server'? Only respond with ""positive"", ""negative"" or ""neutral"" as one word."
5,5,1,5,The server was so busy the night we visited that she forgot to put in our food order.,food,neutral,0,"Input: ""The decor is not special at all but their food and amazing prices make up for it.""
Term: decor
Output: negative
",3,"Input: ""when tables opened up, the manager sat another party before us.""
Term: tables
Output: neutral
",9,"Input: ""service is good although a bit in your face, we were asked every five mins if food was ok, but better that than being ignored.""
Term: service
Output: positive
",neutral,prompt_single_term_fewshot,"Example 1:
Input: ""The decor is not special at all but their food and amazing prices make up for it.""
Term: decor
Output: negative


Example 2:
Input: ""when tables opened up, the manager sat another party before us.""
Term: tables
Output: neutral


Example 3
Input: ""service is good although a bit in your face, we were asked every five mins if food was ok, but better that than being ignored.""
Term: service
Output: positive

    
Task:
Input: The server was so busy the night we visited that she forgot to put in our food order.
Prompt: What is the sentiment in the text towards 'food'? Only respond with ""positive"", ""negative"" or ""neutral"" as one word."
6,6,2,6,"2 weeks ago, I decided to set up a birthday dinner in this establishment and was wary with the reviews I've read in City Search but it seems to be a perfect scene.",dinner,neutral,0,"Input: ""The decor is not special at all but their food and amazing prices make up for it.""
Term: decor
Output: negative
",3,"Input: ""when tables opened up, the manager sat another party before us.""
Term: tables
Output: neutral
",9,"Input: ""service is good although a bit in your face, we were asked every five mins if food was ok, but better that than being ignored.""
Term: service
Output: positive
",positive,prompt_single_term_fewshot,"Example 1:
Input: ""The decor is not special at all but their food and amazing prices make up for it.""
Term: decor
Output: negative


Example 2:
Input: ""when tables opened up, the manager sat another party before us.""
Term: tables
Output: neutral


Example 3
Input: ""service is good although a bit in your face, we were asked every five mins if food was ok, but better that than being ignored.""
Term: service
Output: positive

    
Task:
Input: 2 weeks ago, I decided to set up a birthday dinner in this establishment and was wary with the reviews I've read in City Search but it seems to be a perfect scene.
Prompt: What is the sentiment in the text towards 'dinner'? Only respond with ""positive"", ""negative"" or ""neutral"" as one word."
7,7,2,7,"2 weeks ago, I decided to set up a birthday dinner in this establishment and was wary with the reviews I've read in City Search but it seems to be a perfect scene.",scene,positive,0,"Input: ""The decor is not special at all but their food and amazing prices make up for it.""
Term: decor
Output: negative
",3,"Input: ""when tables opened up, the manager sat another party before us.""
Term: tables
Output: neutral
",9,"Input: ""service is good although a bit in your face, we were asked every five mins if food was ok, but better that than being ignored.""
Term: service
Output: positive
",positive,prompt_single_term_fewshot,"Example 1:
Input: ""The decor is not special at all but their food and amazing prices make up for it.""
Term: decor
Output: negative


Example 2:
Input: ""when tables opened up, the manager sat another party before us.""
Term: tables
Output: neutral


Example 3
Input: ""service is good although a bit in your face, we were asked every five mins if food was ok, but better that than being ignored.""
Term: service
Output: positive

    
Task:
Input: 2 weeks ago, I decided to set up a birthday dinner in this establishment and was wary with the reviews I've read in City Search but it seems to be a perfect scene.
Prompt: What is the sentiment in the text towards 'scene'? Only respond with ""positive"", ""negative"" or ""neutral"" as one word."
8,8,3,8,My boyfriend and I went one Friday night to find that the place was empty except for one other table.,place,negative,0,"Input: ""The decor is not special at all but their food and amazing prices make up for it.""
Term: decor
Output: negative
",3,"Input: ""when tables opened up, the manager sat another party before us.""
Term: tables
Output: neutral
",9,"Input: ""service is good although a bit in your face, we were asked every five mins if food was ok, but better that than being ignored.""
Term: service
Output: positive
",negative,prompt_single_term_fewshot,"Example 1:
Input: ""The decor is not special at all but their food and amazing prices make up for it.""
Term: decor
Output: negative


Example 2:
Input: ""when tables opened up, the manager sat another party before us.""
Term: tables
Output: neutral


Example 3
Input: ""service is good although a bit in your face, we were asked every five mins if food was ok, but better that than being ignored.""
Term: service
Output: positive

    
Task:
Input: My boyfriend and I went one Friday night to find that the place was empty except for one other table.
Prompt: What is the sentiment in the text towards 'place'? Only respond with ""positive"", ""negative"" or ""neutral"" as one word."
9,9,3,9,My boyfriend and I went one Friday night to find that the place was empty except for one other table.,table,neutral,0,"Input: ""The decor is not special at all but their food and amazing prices make up for it.""
Term: decor
Output: negative
",3,"Input: ""when tables opened up, the manager sat another party before us.""
Term: tables
Output: neutral
",9,"Input: ""service is good although a bit in your face, we were asked every five mins if food was ok, but better that than being ignored.""
Term: service
Output: positive
",neutral,prompt_single_term_fewshot,"Example 1:
Input: ""The decor is not special at all but their food and amazing prices make up for it.""
Term: decor
Output: negative


Example 2:
Input: ""when tables opened up, the manager sat another party before us.""
Term: tables
Output: neutral


Example 3
Input: ""service is good although a bit in your face, we were asked every five mins if food was ok, but better that than being ignored.""
Term: service
Output: positive

    
Task:
Input: My boyfriend and I went one Friday night to find that the place was empty except for one other table.
Prompt: What is the sentiment in the text towards 'table'? Only respond with ""positive"", ""negative"" or ""neutral"" as one word."
10,10,4,10,"Amazing crust (and I hate pizza crust typically), great cheese, sauce isn't too sugary.",pizza crust,negative,0,"Input: ""The decor is not special at all but their food and amazing prices make up for it.""
Term: decor
Output: negative
",3,"Input: ""when tables opened up, the manager sat another party before us.""
Term: tables
Output: neutral
",9,"Input: ""service is good although a bit in your face, we were asked every five mins if food was ok, but better that than being ignored.""
Term: service
Output: positive
",positive,prompt_single_term_fewshot,"Example 1:
Input: ""The decor is not special at all but their food and amazing prices make up for it.""
Term: decor
Output: negative


Example 2:
Input: ""when tables opened up, the manager sat another party before us.""
Term: tables
Output: neutral


Example 3
Input: ""service is good although a bit in your face, we were asked every five mins if food was ok, but better that than being ignored.""
Term: service
Output: positive

    
Task:
Input: Amazing crust (and I hate pizza crust typically), great cheese, sauce isn't too sugary.
Prompt: What is the sentiment in the text towards 'pizza crust'? Only respond with ""positive"", ""negative"" or ""neutral"" as one word."
11,11,4,11,"Amazing crust (and I hate pizza crust typically), great cheese, sauce isn't too sugary.",cheese,positive,0,"Input: ""The decor is not special at all but their food and amazing prices make up for it.""
Term: decor
Output: negative
",3,"Input: ""when tables opened up, the manager sat another party before us.""
Term: tables
Output: neutral
",9,"Input: ""service is good although a bit in your face, we were asked every five mins if food was ok, but better that than being ignored.""
Term: service
Output: positive
",positive,prompt_single_term_fewshot,"Example 1:
Input: ""The decor is not special at all but their food and amazing prices make up for it.""
Term: decor
Output: negative


Example 2:
Input: ""when tables opened up, the manager sat another party before us.""
Term: tables
Output: neutral


Example 3
Input: ""service is good although a bit in your face, we were asked every five mins if food was ok, but better that than being ignored.""
Term: service
Output: positive

    
Task:
Input: Amazing crust (and I hate pizza crust typically), great cheese, sauce isn't too sugary.
Prompt: What is the sentiment in the text towards 'cheese'? Only respond with ""positive"", ""negative"" or ""neutral"" as one word."
12,12,4,12,"Amazing crust (and I hate pizza crust typically), great cheese, sauce isn't too sugary.",sauce,positive,0,"Input: ""The decor is not special at all but their food and amazing prices make up for it.""
Term: decor
Output: negative
",3,"Input: ""when tables opened up, the manager sat another party before us.""
Term: tables
Output: neutral
",9,"Input: ""service is good although a bit in your face, we were asked every five mins if food was ok, but better that than being ignored.""
Term: service
Output: positive
",neutral,prompt_single_term_fewshot,"Example 1:
Input: ""The decor is not special at all but their food and amazing prices make up for it.""
Term: decor
Output: negative


Example 2:
Input: ""when tables opened up, the manager sat another party before us.""
Term: tables
Output: neutral


Example 3
Input: ""service is good although a bit in your face, we were asked every five mins if food was ok, but better that than being ignored.""
Term: service
Output: positive

    
Task:
Input: Amazing crust (and I hate pizza crust typically), great cheese, sauce isn't too sugary.
Prompt: What is the sentiment in the text towards 'sauce'? Only respond with ""positive"", ""negative"" or ""neutral"" as one word."
13,13,5,13,"After being seated took our waiter 10 mintues to get us a menu, 15 minutes to come back for our order, by the time we finally got our food it was almost 1 1/2 hour since getting there.",waiter,negative,0,"Input: ""The decor is not special at all but their food and amazing prices make up for it.""
Term: decor
Output: negative
",3,"Input: ""when tables opened up, the manager sat another party before us.""
Term: tables
Output: neutral
",9,"Input: ""service is good although a bit in your face, we were asked every five mins if food was ok, but better that than being ignored.""
Term: service
Output: positive
",negative,prompt_single_term_fewshot,"Example 1:
Input: ""The decor is not special at all but their food and amazing prices make up for it.""
Term: decor
Output: negative


Example 2:
Input: ""when tables opened up, the manager sat another party before us.""
Term: tables
Output: neutral


Example 3
Input: ""service is good although a bit in your face, we were asked every five mins if food was ok, but better that than being ignored.""
Term: service
Output: positive

    
Task:
Input: After being seated took our waiter 10 mintues to get us a menu, 15 minutes to come back for our order, by the time we finally got our food it was almost 1 1/2 hour since getting there.
Prompt: What is the sentiment in the text towards 'waiter'? Only respond with ""positive"", ""negative"" or ""neutral"" as one word."
14,14,5,14,"After being seated took our waiter 10 mintues to get us a menu, 15 minutes to come back for our order, by the time we finally got our food it was almost 1 1/2 hour since getting there.",menu,neutral,0,"Input: ""The decor is not special at all but their food and amazing prices make up for it.""
Term: decor
Output: negative
",3,"Input: ""when tables opened up, the manager sat another party before us.""
Term: tables
Output: neutral
",9,"Input: ""service is good although a bit in your face, we were asked every five mins if food was ok, but better that than being ignored.""
Term: service
Output: positive
",negative,prompt_single_term_fewshot,"Example 1:
Input: ""The decor is not special at all but their food and amazing prices make up for it.""
Term: decor
Output: negative


Example 2:
Input: ""when tables opened up, the manager sat another party before us.""
Term: tables
Output: neutral


Example 3
Input: ""service is good although a bit in your face, we were asked every five mins if food was ok, but better that than being ignored.""
Term: service
Output: positive

    
Task:
Input: After being seated took our waiter 10 mintues to get us a menu, 15 minutes to come back for our order, by the time we finally got our food it was almost 1 1/2 hour since getting there.
Prompt: What is the sentiment in the text towards 'menu'? Only respond with ""positive"", ""negative"" or ""neutral"" as one word."
15,15,5,15,"After being seated took our waiter 10 mintues to get us a menu, 15 minutes to come back for our order, by the time we finally got our food it was almost 1 1/2 hour since getting there.",food,neutral,0,"Input: ""The decor is not special at all but their food and amazing prices make up for it.""
Term: decor
Output: negative
",3,"Input: ""when tables opened up, the manager sat another party before us.""
Term: tables
Output: neutral
",9,"Input: ""service is good although a bit in your face, we were asked every five mins if food was ok, but better that than being ignored.""
Term: service
Output: positive
",neutral,prompt_single_term_fewshot,"Example 1:
Input: ""The decor is not special at all but their food and amazing prices make up for it.""
Term: decor
Output: negative


Example 2:
Input: ""when tables opened up, the manager sat another party before us.""
Term: tables
Output: neutral


Example 3
Input: ""service is good although a bit in your face, we were asked every five mins if food was ok, but better that than being ignored.""
Term: service
Output: positive

    
Task:
Input: After being seated took our waiter 10 mintues to get us a menu, 15 minutes to come back for our order, by the time we finally got our food it was almost 1 1/2 hour since getting there.
Prompt: What is the sentiment in the text towards 'food'? Only respond with ""positive"", ""negative"" or ""neutral"" as one word."
16,16,6,16,The eggplant parmasean was AWESOME (I don't even like eggplant) but my main course was just ok (shrimp with pasta).,eggplant parmasean,positive,0,"Input: ""The decor is not special at all but their food and amazing prices make up for it.""
Term: decor
Output: negative
",3,"Input: ""when tables opened up, the manager sat another party before us.""
Term: tables
Output: neutral
",9,"Input: ""service is good although a bit in your face, we were asked every five mins if food was ok, but better that than being ignored.""
Term: service
Output: positive
",positive,prompt_single_term_fewshot,"Example 1:
Input: ""The decor is not special at all but their food and amazing prices make up for it.""
Term: decor
Output: negative


Example 2:
Input: ""when tables opened up, the manager sat another party before us.""
Term: tables
Output: neutral


Example 3
Input: ""service is good although a bit in your face, we were asked every five mins if food was ok, but better that than being ignored.""
Term: service
Output: positive

    
Task:
Input: The eggplant parmasean was AWESOME (I don't even like eggplant) but my main course was just ok (shrimp with pasta).
Prompt: What is the sentiment in the text towards 'eggplant parmasean'? Only respond with ""positive"", ""negative"" or ""neutral"" as one word."
17,17,6,17,The eggplant parmasean was AWESOME (I don't even like eggplant) but my main course was just ok (shrimp with pasta).,main course,neutral,0,"Input: ""The decor is not special at all but their food and amazing prices make up for it.""
Term: decor
Output: negative
",3,"Input: ""when tables opened up, the manager sat another party before us.""
Term: tables
Output: neutral
",9,"Input: ""service is good although a bit in your face, we were asked every five mins if food was ok, but better that than being ignored.""
Term: service
Output: positive
",negative,prompt_single_term_fewshot,"Example 1:
Input: ""The decor is not special at all but their food and amazing prices make up for it.""
Term: decor
Output: negative


Example 2:
Input: ""when tables opened up, the manager sat another party before us.""
Term: tables
Output: neutral


Example 3
Input: ""service is good although a bit in your face, we were asked every five mins if food was ok, but better that than being ignored.""
Term: service
Output: positive

    
Task:
Input: The eggplant parmasean was AWESOME (I don't even like eggplant) but my main course was just ok (shrimp with pasta).
Prompt: What is the sentiment in the text towards 'main course'? Only respond with ""positive"", ""negative"" or ""neutral"" as one word."
18,18,6,18,The eggplant parmasean was AWESOME (I don't even like eggplant) but my main course was just ok (shrimp with pasta).,shrimp with pasta,neutral,0,"Input: ""The decor is not special at all but their food and amazing prices make up for it.""
Term: decor
Output: negative
",3,"Input: ""when tables opened up, the manager sat another party before us.""
Term: tables
Output: neutral
",9,"Input: ""service is good although a bit in your face, we were asked every five mins if food was ok, but better that than being ignored.""
Term: service
Output: positive
",negative,prompt_single_term_fewshot,"Example 1:
Input: ""The decor is not special at all but their food and amazing prices make up for it.""
Term: decor
Output: negative


Example 2:
Input: ""when tables opened up, the manager sat another party before us.""
Term: tables
Output: neutral


Example 3
Input: ""service is good although a bit in your face, we were asked every five mins if food was ok, but better that than being ignored.""
Term: service
Output: positive

    
Task:
Input: The eggplant parmasean was AWESOME (I don't even like eggplant) but my main course was just ok (shrimp with pasta).
Prompt: What is the sentiment in the text towards 'shrimp with pasta'? Only respond with ""positive"", ""negative"" or ""neutral"" as one word."
19,19,7,19,"Ive been to Jacques-Imo in New Orleans, the wait is long (3+ hours) but the food and service more than makes up for it.",wait,negative,0,"Input: ""The decor is not special at all but their food and amazing prices make up for it.""
Term: decor
Output: negative
",3,"Input: ""when tables opened up, the manager sat another party before us.""
Term: tables
Output: neutral
",9,"Input: ""service is good although a bit in your face, we were asked every five mins if food was ok, but better that than being ignored.""
Term: service
Output: positive
",negative,prompt_single_term_fewshot,"Example 1:
Input: ""The decor is not special at all but their food and amazing prices make up for it.""
Term: decor
Output: negative


Example 2:
Input: ""when tables opened up, the manager sat another party before us.""
Term: tables
Output: neutral


Example 3
Input: ""service is good although a bit in your face, we were asked every five mins if food was ok, but better that than being ignored.""
Term: service
Output: positive

    
Task:
Input: Ive been to Jacques-Imo in New Orleans, the wait is long (3+ hours) but the food and service more than makes up for it.
Prompt: What is the sentiment in the text towards 'wait'? Only respond with ""positive"", ""negative"" or ""neutral"" as one word."
20,20,7,20,"Ive been to Jacques-Imo in New Orleans, the wait is long (3+ hours) but the food and service more than makes up for it.",food,positive,0,"Input: ""The decor is not special at all but their food and amazing prices make up for it.""
Term: decor
Output: negative
",3,"Input: ""when tables opened up, the manager sat another party before us.""
Term: tables
Output: neutral
",9,"Input: ""service is good although a bit in your face, we were asked every five mins if food was ok, but better that than being ignored.""
Term: service
Output: positive
",positive,prompt_single_term_fewshot,"Example 1:
Input: ""The decor is not special at all but their food and amazing prices make up for it.""
Term: decor
Output: negative


Example 2:
Input: ""when tables opened up, the manager sat another party before us.""
Term: tables
Output: neutral


Example 3
Input: ""service is good although a bit in your face, we were asked every five mins if food was ok, but better that than being ignored.""
Term: service
Output: positive

    
Task:
Input: Ive been to Jacques-Imo in New Orleans, the wait is long (3+ hours) but the food and service more than makes up for it.
Prompt: What is the sentiment in the text towards 'food'? Only respond with ""positive"", ""negative"" or ""neutral"" as one word."
21,21,7,21,"Ive been to Jacques-Imo in New Orleans, the wait is long (3+ hours) but the food and service more than makes up for it.",service,positive,0,"Input: ""The decor is not special at all but their food and amazing prices make up for it.""
Term: decor
Output: negative
",3,"Input: ""when tables opened up, the manager sat another party before us.""
Term: tables
Output: neutral
",9,"Input: ""service is good although a bit in your face, we were asked every five mins if food was ok, but better that than being ignored.""
Term: service
Output: positive
",positive,prompt_single_term_fewshot,"Example 1:
Input: ""The decor is not special at all but their food and amazing prices make up for it.""
Term: decor
Output: negative


Example 2:
Input: ""when tables opened up, the manager sat another party before us.""
Term: tables
Output: neutral


Example 3
Input: ""service is good although a bit in your face, we were asked every five mins if food was ok, but better that than being ignored.""
Term: service
Output: positive

    
Task:
Input: Ive been to Jacques-Imo in New Orleans, the wait is long (3+ hours) but the food and service more than makes up for it.
Prompt: What is the sentiment in the text towards 'service'? Only respond with ""positive"", ""negative"" or ""neutral"" as one word."
22,22,8,22,The prices weren't bad though - dinner ended up at $80 with tip and we had a couple drinks as well.,prices,positive,0,"Input: ""The decor is not special at all but their food and amazing prices make up for it.""
Term: decor
Output: negative
",3,"Input: ""when tables opened up, the manager sat another party before us.""
Term: tables
Output: neutral
",9,"Input: ""service is good although a bit in your face, we were asked every five mins if food was ok, but better that than being ignored.""
Term: service
Output: positive
",positive,prompt_single_term_fewshot,"Example 1:
Input: ""The decor is not special at all but their food and amazing prices make up for it.""
Term: decor
Output: negative


Example 2:
Input: ""when tables opened up, the manager sat another party before us.""
Term: tables
Output: neutral


Example 3
Input: ""service is good although a bit in your face, we were asked every five mins if food was ok, but better that than being ignored.""
Term: service
Output: positive

    
Task:
Input: The prices weren't bad though - dinner ended up at $80 with tip and we had a couple drinks as well.
Prompt: What is the sentiment in the text towards 'prices'? Only respond with ""positive"", ""negative"" or ""neutral"" as one word."
23,23,8,23,The prices weren't bad though - dinner ended up at $80 with tip and we had a couple drinks as well.,dinner,neutral,0,"Input: ""The decor is not special at all but their food and amazing prices make up for it.""
Term: decor
Output: negative
",3,"Input: ""when tables opened up, the manager sat another party before us.""
Term: tables
Output: neutral
",9,"Input: ""service is good although a bit in your face, we were asked every five mins if food was ok, but better that than being ignored.""
Term: service
Output: positive
",neutral,prompt_single_term_fewshot,"Example 1:
Input: ""The decor is not special at all but their food and amazing prices make up for it.""
Term: decor
Output: negative


Example 2:
Input: ""when tables opened up, the manager sat another party before us.""
Term: tables
Output: neutral


Example 3
Input: ""service is good although a bit in your face, we were asked every five mins if food was ok, but better that than being ignored.""
Term: service
Output: positive

    
Task:
Input: The prices weren't bad though - dinner ended up at $80 with tip and we had a couple drinks as well.
Prompt: What is the sentiment in the text towards 'dinner'? Only respond with ""positive"", ""negative"" or ""neutral"" as one word."
24,24,8,24,The prices weren't bad though - dinner ended up at $80 with tip and we had a couple drinks as well.,tip,neutral,0,"Input: ""The decor is not special at all but their food and amazing prices make up for it.""
Term: decor
Output: negative
",3,"Input: ""when tables opened up, the manager sat another party before us.""
Term: tables
Output: neutral
",9,"Input: ""service is good although a bit in your face, we were asked every five mins if food was ok, but better that than being ignored.""
Term: service
Output: positive
",neutral,prompt_single_term_fewshot,"Example 1:
Input: ""The decor is not special at all but their food and amazing prices make up for it.""
Term: decor
Output: negative


Example 2:
Input: ""when tables opened up, the manager sat another party before us.""
Term: tables
Output: neutral


Example 3
Input: ""service is good although a bit in your face, we were asked every five mins if food was ok, but better that than being ignored.""
Term: service
Output: positive

    
Task:
Input: The prices weren't bad though - dinner ended up at $80 with tip and we had a couple drinks as well.
Prompt: What is the sentiment in the text towards 'tip'? Only respond with ""positive"", ""negative"" or ""neutral"" as one word."
25,25,9,25,"I ordered the fried catfish, which had very little to no seasoning, the yams, and mac and cheese which were just okay.",fried catfish,negative,0,"Input: ""The decor is not special at all but their food and amazing prices make up for it.""
Term: decor
Output: negative
",3,"Input: ""when tables opened up, the manager sat another party before us.""
Term: tables
Output: neutral
",9,"Input: ""service is good although a bit in your face, we were asked every five mins if food was ok, but better that than being ignored.""
Term: service
Output: positive
",negative,prompt_single_term_fewshot,"Example 1:
Input: ""The decor is not special at all but their food and amazing prices make up for it.""
Term: decor
Output: negative


Example 2:
Input: ""when tables opened up, the manager sat another party before us.""
Term: tables
Output: neutral


Example 3
Input: ""service is good although a bit in your face, we were asked every five mins if food was ok, but better that than being ignored.""
Term: service
Output: positive

    
Task:
Input: I ordered the fried catfish, which had very little to no seasoning, the yams, and mac and cheese which were just okay.
Prompt: What is the sentiment in the text towards 'fried catfish'? Only respond with ""positive"", ""negative"" or ""neutral"" as one word."
26,26,9,26,"I ordered the fried catfish, which had very little to no seasoning, the yams, and mac and cheese which were just okay.",seasoning,negative,0,"Input: ""The decor is not special at all but their food and amazing prices make up for it.""
Term: decor
Output: negative
",3,"Input: ""when tables opened up, the manager sat another party before us.""
Term: tables
Output: neutral
",9,"Input: ""service is good although a bit in your face, we were asked every five mins if food was ok, but better that than being ignored.""
Term: service
Output: positive
",negative,prompt_single_term_fewshot,"Example 1:
Input: ""The decor is not special at all but their food and amazing prices make up for it.""
Term: decor
Output: negative


Example 2:
Input: ""when tables opened up, the manager sat another party before us.""
Term: tables
Output: neutral


Example 3
Input: ""service is good although a bit in your face, we were asked every five mins if food was ok, but better that than being ignored.""
Term: service
Output: positive

    
Task:
Input: I ordered the fried catfish, which had very little to no seasoning, the yams, and mac and cheese which were just okay.
Prompt: What is the sentiment in the text towards 'seasoning'? Only respond with ""positive"", ""negative"" or ""neutral"" as one word."
27,27,9,27,"I ordered the fried catfish, which had very little to no seasoning, the yams, and mac and cheese which were just okay.",yams,positive,0,"Input: ""The decor is not special at all but their food and amazing prices make up for it.""
Term: decor
Output: negative
",3,"Input: ""when tables opened up, the manager sat another party before us.""
Term: tables
Output: neutral
",9,"Input: ""service is good although a bit in your face, we were asked every five mins if food was ok, but better that than being ignored.""
Term: service
Output: positive
",negative,prompt_single_term_fewshot,"Example 1:
Input: ""The decor is not special at all but their food and amazing prices make up for it.""
Term: decor
Output: negative


Example 2:
Input: ""when tables opened up, the manager sat another party before us.""
Term: tables
Output: neutral


Example 3
Input: ""service is good although a bit in your face, we were asked every five mins if food was ok, but better that than being ignored.""
Term: service
Output: positive

    
Task:
Input: I ordered the fried catfish, which had very little to no seasoning, the yams, and mac and cheese which were just okay.
Prompt: What is the sentiment in the text towards 'yams'? Only respond with ""positive"", ""negative"" or ""neutral"" as one word."
28,28,9,28,"I ordered the fried catfish, which had very little to no seasoning, the yams, and mac and cheese which were just okay.",mac and cheese,positive,0,"Input: ""The decor is not special at all but their food and amazing prices make up for it.""
Term: decor
Output: negative
",3,"Input: ""when tables opened up, the manager sat another party before us.""
Term: tables
Output: neutral
",9,"Input: ""service is good although a bit in your face, we were asked every five mins if food was ok, but better that than being ignored.""
Term: service
Output: positive
",negative,prompt_single_term_fewshot,"Example 1:
Input: ""The decor is not special at all but their food and amazing prices make up for it.""
Term: decor
Output: negative


Example 2:
Input: ""when tables opened up, the manager sat another party before us.""
Term: tables
Output: neutral


Example 3
Input: ""service is good although a bit in your face, we were asked every five mins if food was ok, but better that than being ignored.""
Term: service
Output: positive

    
Task:
Input: I ordered the fried catfish, which had very little to no seasoning, the yams, and mac and cheese which were just okay.
Prompt: What is the sentiment in the text towards 'mac and cheese'? Only respond with ""positive"", ""negative"" or ""neutral"" as one word."
29,29,10,29,"Ok I got the edamame and something from the sushi chef for free, but the quality of food is more important to me than a free small dish (maybe that's why the restaurant gives it to attact new customers.",edamame,neutral,0,"Input: ""The decor is not special at all but their food and amazing prices make up for it.""
Term: decor
Output: negative
",3,"Input: ""when tables opened up, the manager sat another party before us.""
Term: tables
Output: neutral
",9,"Input: ""service is good although a bit in your face, we were asked every five mins if food was ok, but better that than being ignored.""
Term: service
Output: positive
",positive,prompt_single_term_fewshot,"Example 1:
Input: ""The decor is not special at all but their food and amazing prices make up for it.""
Term: decor
Output: negative


Example 2:
Input: ""when tables opened up, the manager sat another party before us.""
Term: tables
Output: neutral


Example 3
Input: ""service is good although a bit in your face, we were asked every five mins if food was ok, but better that than being ignored.""
Term: service
Output: positive

    
Task:
Input: Ok I got the edamame and something from the sushi chef for free, but the quality of food is more important to me than a free small dish (maybe that's why the restaurant gives it to attact new customers.
Prompt: What is the sentiment in the text towards 'edamame'? Only respond with ""positive"", ""negative"" or ""neutral"" as one word."
30,30,10,30,"Ok I got the edamame and something from the sushi chef for free, but the quality of food is more important to me than a free small dish (maybe that's why the restaurant gives it to attact new customers.",sushi chef,positive,0,"Input: ""The decor is not special at all but their food and amazing prices make up for it.""
Term: decor
Output: negative
",3,"Input: ""when tables opened up, the manager sat another party before us.""
Term: tables
Output: neutral
",9,"Input: ""service is good although a bit in your face, we were asked every five mins if food was ok, but better that than being ignored.""
Term: service
Output: positive
",positive,prompt_single_term_fewshot,"Example 1:
Input: ""The decor is not special at all but their food and amazing prices make up for it.""
Term: decor
Output: negative


Example 2:
Input: ""when tables opened up, the manager sat another party before us.""
Term: tables
Output: neutral


Example 3
Input: ""service is good although a bit in your face, we were asked every five mins if food was ok, but better that than being ignored.""
Term: service
Output: positive

    
Task:
Input: Ok I got the edamame and something from the sushi chef for free, but the quality of food is more important to me than a free small dish (maybe that's why the restaurant gives it to attact new customers.
Prompt: What is the sentiment in the text towards 'sushi chef'? Only respond with ""positive"", ""negative"" or ""neutral"" as one word."
31,31,10,31,"Ok I got the edamame and something from the sushi chef for free, but the quality of food is more important to me than a free small dish (maybe that's why the restaurant gives it to attact new customers.",quality of food,positive,0,"Input: ""The decor is not special at all but their food and amazing prices make up for it.""
Term: decor
Output: negative
",3,"Input: ""when tables opened up, the manager sat another party before us.""
Term: tables
Output: neutral
",9,"Input: ""service is good although a bit in your face, we were asked every five mins if food was ok, but better that than being ignored.""
Term: service
Output: positive
",negative,prompt_single_term_fewshot,"Example 1:
Input: ""The decor is not special at all but their food and amazing prices make up for it.""
Term: decor
Output: negative


Example 2:
Input: ""when tables opened up, the manager sat another party before us.""
Term: tables
Output: neutral


Example 3
Input: ""service is good although a bit in your face, we were asked every five mins if food was ok, but better that than being ignored.""
Term: service
Output: positive

    
Task:
Input: Ok I got the edamame and something from the sushi chef for free, but the quality of food is more important to me than a free small dish (maybe that's why the restaurant gives it to attact new customers.
Prompt: What is the sentiment in the text towards 'quality of food'? Only respond with ""positive"", ""negative"" or ""neutral"" as one word."
32,32,10,32,"Ok I got the edamame and something from the sushi chef for free, but the quality of food is more important to me than a free small dish (maybe that's why the restaurant gives it to attact new customers.",dish,positive,0,"Input: ""The decor is not special at all but their food and amazing prices make up for it.""
Term: decor
Output: negative
",3,"Input: ""when tables opened up, the manager sat another party before us.""
Term: tables
Output: neutral
",9,"Input: ""service is good although a bit in your face, we were asked every five mins if food was ok, but better that than being ignored.""
Term: service
Output: positive
",neutral,prompt_single_term_fewshot,"Example 1:
Input: ""The decor is not special at all but their food and amazing prices make up for it.""
Term: decor
Output: negative


Example 2:
Input: ""when tables opened up, the manager sat another party before us.""
Term: tables
Output: neutral


Example 3
Input: ""service is good although a bit in your face, we were asked every five mins if food was ok, but better that than being ignored.""
Term: service
Output: positive

    
Task:
Input: Ok I got the edamame and something from the sushi chef for free, but the quality of food is more important to me than a free small dish (maybe that's why the restaurant gives it to attact new customers.
Prompt: What is the sentiment in the text towards 'dish'? Only respond with ""positive"", ""negative"" or ""neutral"" as one word."
33,33,11,33,"While dining on a delicate lamb carpaccio, and grilled skate wing, the owner explained that due to low lunch-time patronage, they may be discontinuing lunch altogether.",dining,neutral,0,"Input: ""The decor is not special at all but their food and amazing prices make up for it.""
Term: decor
Output: negative
",3,"Input: ""when tables opened up, the manager sat another party before us.""
Term: tables
Output: neutral
",9,"Input: ""service is good although a bit in your face, we were asked every five mins if food was ok, but better that than being ignored.""
Term: service
Output: positive
",positive,prompt_single_term_fewshot,"Example 1:
Input: ""The decor is not special at all but their food and amazing prices make up for it.""
Term: decor
Output: negative


Example 2:
Input: ""when tables opened up, the manager sat another party before us.""
Term: tables
Output: neutral


Example 3
Input: ""service is good although a bit in your face, we were asked every five mins if food was ok, but better that than being ignored.""
Term: service
Output: positive

    
Task:
Input: While dining on a delicate lamb carpaccio, and grilled skate wing, the owner explained that due to low lunch-time patronage, they may be discontinuing lunch altogether.
Prompt: What is the sentiment in the text towards 'dining'? Only respond with ""positive"", ""negative"" or ""neutral"" as one word."
34,34,11,34,"While dining on a delicate lamb carpaccio, and grilled skate wing, the owner explained that due to low lunch-time patronage, they may be discontinuing lunch altogether.",owner,negative,0,"Input: ""The decor is not special at all but their food and amazing prices make up for it.""
Term: decor
Output: negative
",3,"Input: ""when tables opened up, the manager sat another party before us.""
Term: tables
Output: neutral
",9,"Input: ""service is good although a bit in your face, we were asked every five mins if food was ok, but better that than being ignored.""
Term: service
Output: positive
",neutral,prompt_single_term_fewshot,"Example 1:
Input: ""The decor is not special at all but their food and amazing prices make up for it.""
Term: decor
Output: negative


Example 2:
Input: ""when tables opened up, the manager sat another party before us.""
Term: tables
Output: neutral


Example 3
Input: ""service is good although a bit in your face, we were asked every five mins if food was ok, but better that than being ignored.""
Term: service
Output: positive

    
Task:
Input: While dining on a delicate lamb carpaccio, and grilled skate wing, the owner explained that due to low lunch-time patronage, they may be discontinuing lunch altogether.
Prompt: What is the sentiment in the text towards 'owner'? Only respond with ""positive"", ""negative"" or ""neutral"" as one word."
35,35,12,35,the service was slow took ten mins to get me a glass of water.,service,negative,0,"Input: ""The decor is not special at all but their food and amazing prices make up for it.""
Term: decor
Output: negative
",3,"Input: ""when tables opened up, the manager sat another party before us.""
Term: tables
Output: neutral
",9,"Input: ""service is good although a bit in your face, we were asked every five mins if food was ok, but better that than being ignored.""
Term: service
Output: positive
",negative,prompt_single_term_fewshot,"Example 1:
Input: ""The decor is not special at all but their food and amazing prices make up for it.""
Term: decor
Output: negative


Example 2:
Input: ""when tables opened up, the manager sat another party before us.""
Term: tables
Output: neutral


Example 3
Input: ""service is good although a bit in your face, we were asked every five mins if food was ok, but better that than being ignored.""
Term: service
Output: positive

    
Task:
Input: the service was slow took ten mins to get me a glass of water.
Prompt: What is the sentiment in the text towards 'service'? Only respond with ""positive"", ""negative"" or ""neutral"" as one word."
36,36,12,36,the service was slow took ten mins to get me a glass of water.,glass,neutral,0,"Input: ""The decor is not special at all but their food and amazing prices make up for it.""
Term: decor
Output: negative
",3,"Input: ""when tables opened up, the manager sat another party before us.""
Term: tables
Output: neutral
",9,"Input: ""service is good although a bit in your face, we were asked every five mins if food was ok, but better that than being ignored.""
Term: service
Output: positive
",neutral,prompt_single_term_fewshot,"Example 1:
Input: ""The decor is not special at all but their food and amazing prices make up for it.""
Term: decor
Output: negative


Example 2:
Input: ""when tables opened up, the manager sat another party before us.""
Term: tables
Output: neutral


Example 3
Input: ""service is good although a bit in your face, we were asked every five mins if food was ok, but better that than being ignored.""
Term: service
Output: positive

    
Task:
Input: the service was slow took ten mins to get me a glass of water.
Prompt: What is the sentiment in the text towards 'glass'? Only respond with ""positive"", ""negative"" or ""neutral"" as one word."
37,37,12,37,the service was slow took ten mins to get me a glass of water.,water,neutral,0,"Input: ""The decor is not special at all but their food and amazing prices make up for it.""
Term: decor
Output: negative
",3,"Input: ""when tables opened up, the manager sat another party before us.""
Term: tables
Output: neutral
",9,"Input: ""service is good although a bit in your face, we were asked every five mins if food was ok, but better that than being ignored.""
Term: service
Output: positive
",neutral,prompt_single_term_fewshot,"Example 1:
Input: ""The decor is not special at all but their food and amazing prices make up for it.""
Term: decor
Output: negative


Example 2:
Input: ""when tables opened up, the manager sat another party before us.""
Term: tables
Output: neutral


Example 3
Input: ""service is good although a bit in your face, we were asked every five mins if food was ok, but better that than being ignored.""
Term: service
Output: positive

    
Task:
Input: the service was slow took ten mins to get me a glass of water.
Prompt: What is the sentiment in the text towards 'water'? Only respond with ""positive"", ""negative"" or ""neutral"" as one word."
38,38,13,38,"We preferred to gaze at our burgers while avoiding having to look at the wait staff, but no complaints.",burgers,neutral,0,"Input: ""The decor is not special at all but their food and amazing prices make up for it.""
Term: decor
Output: negative
",3,"Input: ""when tables opened up, the manager sat another party before us.""
Term: tables
Output: neutral
",9,"Input: ""service is good although a bit in your face, we were asked every five mins if food was ok, but better that than being ignored.""
Term: service
Output: positive
",positive,prompt_single_term_fewshot,"Example 1:
Input: ""The decor is not special at all but their food and amazing prices make up for it.""
Term: decor
Output: negative


Example 2:
Input: ""when tables opened up, the manager sat another party before us.""
Term: tables
Output: neutral


Example 3
Input: ""service is good although a bit in your face, we were asked every five mins if food was ok, but better that than being ignored.""
Term: service
Output: positive

    
Task:
Input: We preferred to gaze at our burgers while avoiding having to look at the wait staff, but no complaints.
Prompt: What is the sentiment in the text towards 'burgers'? Only respond with ""positive"", ""negative"" or ""neutral"" as one word."
39,39,13,39,"We preferred to gaze at our burgers while avoiding having to look at the wait staff, but no complaints.",wait staff,negative,0,"Input: ""The decor is not special at all but their food and amazing prices make up for it.""
Term: decor
Output: negative
",3,"Input: ""when tables opened up, the manager sat another party before us.""
Term: tables
Output: neutral
",9,"Input: ""service is good although a bit in your face, we were asked every five mins if food was ok, but better that than being ignored.""
Term: service
Output: positive
",negative,prompt_single_term_fewshot,"Example 1:
Input: ""The decor is not special at all but their food and amazing prices make up for it.""
Term: decor
Output: negative


Example 2:
Input: ""when tables opened up, the manager sat another party before us.""
Term: tables
Output: neutral


Example 3
Input: ""service is good although a bit in your face, we were asked every five mins if food was ok, but better that than being ignored.""
Term: service
Output: positive

    
Task:
Input: We preferred to gaze at our burgers while avoiding having to look at the wait staff, but no complaints.
Prompt: What is the sentiment in the text towards 'wait staff'? Only respond with ""positive"", ""negative"" or ""neutral"" as one word."
40,40,14,40,"When my brother and I we had too much pizza in New York, we would like to order something else from the menu.",pizza,positive,0,"Input: ""The decor is not special at all but their food and amazing prices make up for it.""
Term: decor
Output: negative
",3,"Input: ""when tables opened up, the manager sat another party before us.""
Term: tables
Output: neutral
",9,"Input: ""service is good although a bit in your face, we were asked every five mins if food was ok, but better that than being ignored.""
Term: service
Output: positive
",neutral,prompt_single_term_fewshot,"Example 1:
Input: ""The decor is not special at all but their food and amazing prices make up for it.""
Term: decor
Output: negative


Example 2:
Input: ""when tables opened up, the manager sat another party before us.""
Term: tables
Output: neutral


Example 3
Input: ""service is good although a bit in your face, we were asked every five mins if food was ok, but better that than being ignored.""
Term: service
Output: positive

    
Task:
Input: When my brother and I we had too much pizza in New York, we would like to order something else from the menu.
Prompt: What is the sentiment in the text towards 'pizza'? Only respond with ""positive"", ""negative"" or ""neutral"" as one word."
41,41,14,41,"When my brother and I we had too much pizza in New York, we would like to order something else from the menu.",menu,neutral,0,"Input: ""The decor is not special at all but their food and amazing prices make up for it.""
Term: decor
Output: negative
",3,"Input: ""when tables opened up, the manager sat another party before us.""
Term: tables
Output: neutral
",9,"Input: ""service is good although a bit in your face, we were asked every five mins if food was ok, but better that than being ignored.""
Term: service
Output: positive
",neutral,prompt_single_term_fewshot,"Example 1:
Input: ""The decor is not special at all but their food and amazing prices make up for it.""
Term: decor
Output: negative


Example 2:
Input: ""when tables opened up, the manager sat another party before us.""
Term: tables
Output: neutral


Example 3
Input: ""service is good although a bit in your face, we were asked every five mins if food was ok, but better that than being ignored.""
Term: service
Output: positive

    
Task:
Input: When my brother and I we had too much pizza in New York, we would like to order something else from the menu.
Prompt: What is the sentiment in the text towards 'menu'? Only respond with ""positive"", ""negative"" or ""neutral"" as one word."
42,42,15,42,"About 10 of us came here for drinks last friday, the atmosphere was good for chatting and hanging out, but not enough lounge or bar space, they should open up the back area w/ more loungable chairs or booths if they want to catch any after dinner sort of bar crowd.",drinks,neutral,0,"Input: ""The decor is not special at all but their food and amazing prices make up for it.""
Term: decor
Output: negative
",3,"Input: ""when tables opened up, the manager sat another party before us.""
Term: tables
Output: neutral
",9,"Input: ""service is good although a bit in your face, we were asked every five mins if food was ok, but better that than being ignored.""
Term: service
Output: positive
",neutral,prompt_single_term_fewshot,"Example 1:
Input: ""The decor is not special at all but their food and amazing prices make up for it.""
Term: decor
Output: negative


Example 2:
Input: ""when tables opened up, the manager sat another party before us.""
Term: tables
Output: neutral


Example 3
Input: ""service is good although a bit in your face, we were asked every five mins if food was ok, but better that than being ignored.""
Term: service
Output: positive

    
Task:
Input: About 10 of us came here for drinks last friday, the atmosphere was good for chatting and hanging out, but not enough lounge or bar space, they should open up the back area w/ more loungable chairs or booths if they want to catch any after dinner sort of bar crowd.
Prompt: What is the sentiment in the text towards 'drinks'? Only respond with ""positive"", ""negative"" or ""neutral"" as one word."
43,43,15,43,"About 10 of us came here for drinks last friday, the atmosphere was good for chatting and hanging out, but not enough lounge or bar space, they should open up the back area w/ more loungable chairs or booths if they want to catch any after dinner sort of bar crowd.",atmosphere,positive,0,"Input: ""The decor is not special at all but their food and amazing prices make up for it.""
Term: decor
Output: negative
",3,"Input: ""when tables opened up, the manager sat another party before us.""
Term: tables
Output: neutral
",9,"Input: ""service is good although a bit in your face, we were asked every five mins if food was ok, but better that than being ignored.""
Term: service
Output: positive
",positive,prompt_single_term_fewshot,"Example 1:
Input: ""The decor is not special at all but their food and amazing prices make up for it.""
Term: decor
Output: negative


Example 2:
Input: ""when tables opened up, the manager sat another party before us.""
Term: tables
Output: neutral


Example 3
Input: ""service is good although a bit in your face, we were asked every five mins if food was ok, but better that than being ignored.""
Term: service
Output: positive

    
Task:
Input: About 10 of us came here for drinks last friday, the atmosphere was good for chatting and hanging out, but not enough lounge or bar space, they should open up the back area w/ more loungable chairs or booths if they want to catch any after dinner sort of bar crowd.
Prompt: What is the sentiment in the text towards 'atmosphere'? Only respond with ""positive"", ""negative"" or ""neutral"" as one word."
44,44,15,44,"About 10 of us came here for drinks last friday, the atmosphere was good for chatting and hanging out, but not enough lounge or bar space, they should open up the back area w/ more loungable chairs or booths if they want to catch any after dinner sort of bar crowd.",lounge,neutral,0,"Input: ""The decor is not special at all but their food and amazing prices make up for it.""
Term: decor
Output: negative
",3,"Input: ""when tables opened up, the manager sat another party before us.""
Term: tables
Output: neutral
",9,"Input: ""service is good although a bit in your face, we were asked every five mins if food was ok, but better that than being ignored.""
Term: service
Output: positive
",negative,prompt_single_term_fewshot,"Example 1:
Input: ""The decor is not special at all but their food and amazing prices make up for it.""
Term: decor
Output: negative


Example 2:
Input: ""when tables opened up, the manager sat another party before us.""
Term: tables
Output: neutral


Example 3
Input: ""service is good although a bit in your face, we were asked every five mins if food was ok, but better that than being ignored.""
Term: service
Output: positive

    
Task:
Input: About 10 of us came here for drinks last friday, the atmosphere was good for chatting and hanging out, but not enough lounge or bar space, they should open up the back area w/ more loungable chairs or booths if they want to catch any after dinner sort of bar crowd.
Prompt: What is the sentiment in the text towards 'lounge'? Only respond with ""positive"", ""negative"" or ""neutral"" as one word."
45,45,15,45,"About 10 of us came here for drinks last friday, the atmosphere was good for chatting and hanging out, but not enough lounge or bar space, they should open up the back area w/ more loungable chairs or booths if they want to catch any after dinner sort of bar crowd.",dinner,neutral,0,"Input: ""The decor is not special at all but their food and amazing prices make up for it.""
Term: decor
Output: negative
",3,"Input: ""when tables opened up, the manager sat another party before us.""
Term: tables
Output: neutral
",9,"Input: ""service is good although a bit in your face, we were asked every five mins if food was ok, but better that than being ignored.""
Term: service
Output: positive
",neutral,prompt_single_term_fewshot,"Example 1:
Input: ""The decor is not special at all but their food and amazing prices make up for it.""
Term: decor
Output: negative


Example 2:
Input: ""when tables opened up, the manager sat another party before us.""
Term: tables
Output: neutral


Example 3
Input: ""service is good although a bit in your face, we were asked every five mins if food was ok, but better that than being ignored.""
Term: service
Output: positive

    
Task:
Input: About 10 of us came here for drinks last friday, the atmosphere was good for chatting and hanging out, but not enough lounge or bar space, they should open up the back area w/ more loungable chairs or booths if they want to catch any after dinner sort of bar crowd.
Prompt: What is the sentiment in the text towards 'dinner'? Only respond with ""positive"", ""negative"" or ""neutral"" as one word."
46,46,15,46,"About 10 of us came here for drinks last friday, the atmosphere was good for chatting and hanging out, but not enough lounge or bar space, they should open up the back area w/ more loungable chairs or booths if they want to catch any after dinner sort of bar crowd.",bar crowd,neutral,0,"Input: ""The decor is not special at all but their food and amazing prices make up for it.""
Term: decor
Output: negative
",3,"Input: ""when tables opened up, the manager sat another party before us.""
Term: tables
Output: neutral
",9,"Input: ""service is good although a bit in your face, we were asked every five mins if food was ok, but better that than being ignored.""
Term: service
Output: positive
",neutral,prompt_single_term_fewshot,"Example 1:
Input: ""The decor is not special at all but their food and amazing prices make up for it.""
Term: decor
Output: negative


Example 2:
Input: ""when tables opened up, the manager sat another party before us.""
Term: tables
Output: neutral


Example 3
Input: ""service is good although a bit in your face, we were asked every five mins if food was ok, but better that than being ignored.""
Term: service
Output: positive

    
Task:
Input: About 10 of us came here for drinks last friday, the atmosphere was good for chatting and hanging out, but not enough lounge or bar space, they should open up the back area w/ more loungable chairs or booths if they want to catch any after dinner sort of bar crowd.
Prompt: What is the sentiment in the text towards 'bar crowd'? Only respond with ""positive"", ""negative"" or ""neutral"" as one word."
47,47,16,47,"When we went to dinner here, the place was empty, which should have been a clue.",dinner,neutral,0,"Input: ""The decor is not special at all but their food and amazing prices make up for it.""
Term: decor
Output: negative
",3,"Input: ""when tables opened up, the manager sat another party before us.""
Term: tables
Output: neutral
",9,"Input: ""service is good although a bit in your face, we were asked every five mins if food was ok, but better that than being ignored.""
Term: service
Output: positive
",negative,prompt_single_term_fewshot,"Example 1:
Input: ""The decor is not special at all but their food and amazing prices make up for it.""
Term: decor
Output: negative


Example 2:
Input: ""when tables opened up, the manager sat another party before us.""
Term: tables
Output: neutral


Example 3
Input: ""service is good although a bit in your face, we were asked every five mins if food was ok, but better that than being ignored.""
Term: service
Output: positive

    
Task:
Input: When we went to dinner here, the place was empty, which should have been a clue.
Prompt: What is the sentiment in the text towards 'dinner'? Only respond with ""positive"", ""negative"" or ""neutral"" as one word."
48,48,16,48,"When we went to dinner here, the place was empty, which should have been a clue.",place,negative,0,"Input: ""The decor is not special at all but their food and amazing prices make up for it.""
Term: decor
Output: negative
",3,"Input: ""when tables opened up, the manager sat another party before us.""
Term: tables
Output: neutral
",9,"Input: ""service is good although a bit in your face, we were asked every five mins if food was ok, but better that than being ignored.""
Term: service
Output: positive
",negative,prompt_single_term_fewshot,"Example 1:
Input: ""The decor is not special at all but their food and amazing prices make up for it.""
Term: decor
Output: negative


Example 2:
Input: ""when tables opened up, the manager sat another party before us.""
Term: tables
Output: neutral


Example 3
Input: ""service is good although a bit in your face, we were asked every five mins if food was ok, but better that than being ignored.""
Term: service
Output: positive

    
Task:
Input: When we went to dinner here, the place was empty, which should have been a clue.
Prompt: What is the sentiment in the text towards 'place'? Only respond with ""positive"", ""negative"" or ""neutral"" as one word."
49,49,17,49,The other two entrees that were ordered were very large portions.,entrees,neutral,0,"Input: ""The decor is not special at all but their food and amazing prices make up for it.""
Term: decor
Output: negative
",3,"Input: ""when tables opened up, the manager sat another party before us.""
Term: tables
Output: neutral
",9,"Input: ""service is good although a bit in your face, we were asked every five mins if food was ok, but better that than being ignored.""
Term: service
Output: positive
",positive,prompt_single_term_fewshot,"Example 1:
Input: ""The decor is not special at all but their food and amazing prices make up for it.""
Term: decor
Output: negative


Example 2:
Input: ""when tables opened up, the manager sat another party before us.""
Term: tables
Output: neutral


Example 3
Input: ""service is good although a bit in your face, we were asked every five mins if food was ok, but better that than being ignored.""
Term: service
Output: positive

    
Task:
Input: The other two entrees that were ordered were very large portions.
Prompt: What is the sentiment in the text towards 'entrees'? Only respond with ""positive"", ""negative"" or ""neutral"" as one word."
50,50,17,50,The other two entrees that were ordered were very large portions.,portions,positive,0,"Input: ""The decor is not special at all but their food and amazing prices make up for it.""
Term: decor
Output: negative
",3,"Input: ""when tables opened up, the manager sat another party before us.""
Term: tables
Output: neutral
",9,"Input: ""service is good although a bit in your face, we were asked every five mins if food was ok, but better that than being ignored.""
Term: service
Output: positive
",positive,prompt_single_term_fewshot,"Example 1:
Input: ""The decor is not special at all but their food and amazing prices make up for it.""
Term: decor
Output: negative


Example 2:
Input: ""when tables opened up, the manager sat another party before us.""
Term: tables
Output: neutral


Example 3
Input: ""service is good although a bit in your face, we were asked every five mins if food was ok, but better that than being ignored.""
Term: service
Output: positive

    
Task:
Input: The other two entrees that were ordered were very large portions.
Prompt: What is the sentiment in the text towards 'portions'? Only respond with ""positive"", ""negative"" or ""neutral"" as one word."
51,51,18,51,Try the olive cream cheese or the lox spread on a whole wheat everything bagel.,olive cream cheese,positive,0,"Input: ""The decor is not special at all but their food and amazing prices make up for it.""
Term: decor
Output: negative
",3,"Input: ""when tables opened up, the manager sat another party before us.""
Term: tables
Output: neutral
",9,"Input: ""service is good although a bit in your face, we were asked every five mins if food was ok, but better that than being ignored.""
Term: service
Output: positive
",positive,prompt_single_term_fewshot,"Example 1:
Input: ""The decor is not special at all but their food and amazing prices make up for it.""
Term: decor
Output: negative


Example 2:
Input: ""when tables opened up, the manager sat another party before us.""
Term: tables
Output: neutral


Example 3
Input: ""service is good although a bit in your face, we were asked every five mins if food was ok, but better that than being ignored.""
Term: service
Output: positive

    
Task:
Input: Try the olive cream cheese or the lox spread on a whole wheat everything bagel.
Prompt: What is the sentiment in the text towards 'olive cream cheese'? Only respond with ""positive"", ""negative"" or ""neutral"" as one word."
52,52,18,52,Try the olive cream cheese or the lox spread on a whole wheat everything bagel.,lox spread,positive,0,"Input: ""The decor is not special at all but their food and amazing prices make up for it.""
Term: decor
Output: negative
",3,"Input: ""when tables opened up, the manager sat another party before us.""
Term: tables
Output: neutral
",9,"Input: ""service is good although a bit in your face, we were asked every five mins if food was ok, but better that than being ignored.""
Term: service
Output: positive
",positive,prompt_single_term_fewshot,"Example 1:
Input: ""The decor is not special at all but their food and amazing prices make up for it.""
Term: decor
Output: negative


Example 2:
Input: ""when tables opened up, the manager sat another party before us.""
Term: tables
Output: neutral


Example 3
Input: ""service is good although a bit in your face, we were asked every five mins if food was ok, but better that than being ignored.""
Term: service
Output: positive

    
Task:
Input: Try the olive cream cheese or the lox spread on a whole wheat everything bagel.
Prompt: What is the sentiment in the text towards 'lox spread'? Only respond with ""positive"", ""negative"" or ""neutral"" as one word."
53,53,18,53,Try the olive cream cheese or the lox spread on a whole wheat everything bagel.,bagel,neutral,0,"Input: ""The decor is not special at all but their food and amazing prices make up for it.""
Term: decor
Output: negative
",3,"Input: ""when tables opened up, the manager sat another party before us.""
Term: tables
Output: neutral
",9,"Input: ""service is good although a bit in your face, we were asked every five mins if food was ok, but better that than being ignored.""
Term: service
Output: positive
",positive,prompt_single_term_fewshot,"Example 1:
Input: ""The decor is not special at all but their food and amazing prices make up for it.""
Term: decor
Output: negative


Example 2:
Input: ""when tables opened up, the manager sat another party before us.""
Term: tables
Output: neutral


Example 3
Input: ""service is good although a bit in your face, we were asked every five mins if food was ok, but better that than being ignored.""
Term: service
Output: positive

    
Task:
Input: Try the olive cream cheese or the lox spread on a whole wheat everything bagel.
Prompt: What is the sentiment in the text towards 'bagel'? Only respond with ""positive"", ""negative"" or ""neutral"" as one word."
54,54,19,54,"When I asked the waitress, she told me they couldn't afford the salmon, and had changed the dish (though not on the menu).",waitress,neutral,0,"Input: ""The decor is not special at all but their food and amazing prices make up for it.""
Term: decor
Output: negative
",3,"Input: ""when tables opened up, the manager sat another party before us.""
Term: tables
Output: neutral
",9,"Input: ""service is good although a bit in your face, we were asked every five mins if food was ok, but better that than being ignored.""
Term: service
Output: positive
",neutral,prompt_single_term_fewshot,"Example 1:
Input: ""The decor is not special at all but their food and amazing prices make up for it.""
Term: decor
Output: negative


Example 2:
Input: ""when tables opened up, the manager sat another party before us.""
Term: tables
Output: neutral


Example 3
Input: ""service is good although a bit in your face, we were asked every five mins if food was ok, but better that than being ignored.""
Term: service
Output: positive

    
Task:
Input: When I asked the waitress, she told me they couldn't afford the salmon, and had changed the dish (though not on the menu).
Prompt: What is the sentiment in the text towards 'waitress'? Only respond with ""positive"", ""negative"" or ""neutral"" as one word."
55,55,19,55,"When I asked the waitress, she told me they couldn't afford the salmon, and had changed the dish (though not on the menu).",salmon,negative,0,"Input: ""The decor is not special at all but their food and amazing prices make up for it.""
Term: decor
Output: negative
",3,"Input: ""when tables opened up, the manager sat another party before us.""
Term: tables
Output: neutral
",9,"Input: ""service is good although a bit in your face, we were asked every five mins if food was ok, but better that than being ignored.""
Term: service
Output: positive
",negative,prompt_single_term_fewshot,"Example 1:
Input: ""The decor is not special at all but their food and amazing prices make up for it.""
Term: decor
Output: negative


Example 2:
Input: ""when tables opened up, the manager sat another party before us.""
Term: tables
Output: neutral


Example 3
Input: ""service is good although a bit in your face, we were asked every five mins if food was ok, but better that than being ignored.""
Term: service
Output: positive

    
Task:
Input: When I asked the waitress, she told me they couldn't afford the salmon, and had changed the dish (though not on the menu).
Prompt: What is the sentiment in the text towards 'salmon'? Only respond with ""positive"", ""negative"" or ""neutral"" as one word."
56,56,19,56,"When I asked the waitress, she told me they couldn't afford the salmon, and had changed the dish (though not on the menu).",dish,neutral,0,"Input: ""The decor is not special at all but their food and amazing prices make up for it.""
Term: decor
Output: negative
",3,"Input: ""when tables opened up, the manager sat another party before us.""
Term: tables
Output: neutral
",9,"Input: ""service is good although a bit in your face, we were asked every five mins if food was ok, but better that than being ignored.""
Term: service
Output: positive
",negative,prompt_single_term_fewshot,"Example 1:
Input: ""The decor is not special at all but their food and amazing prices make up for it.""
Term: decor
Output: negative


Example 2:
Input: ""when tables opened up, the manager sat another party before us.""
Term: tables
Output: neutral


Example 3
Input: ""service is good although a bit in your face, we were asked every five mins if food was ok, but better that than being ignored.""
Term: service
Output: positive

    
Task:
Input: When I asked the waitress, she told me they couldn't afford the salmon, and had changed the dish (though not on the menu).
Prompt: What is the sentiment in the text towards 'dish'? Only respond with ""positive"", ""negative"" or ""neutral"" as one word."
57,57,20,57,There were a lot of scensters who couldnt afford dinner hanging in the waiting area so we got bumped around a lot.,dinner,negative,0,"Input: ""The decor is not special at all but their food and amazing prices make up for it.""
Term: decor
Output: negative
",3,"Input: ""when tables opened up, the manager sat another party before us.""
Term: tables
Output: neutral
",9,"Input: ""service is good although a bit in your face, we were asked every five mins if food was ok, but better that than being ignored.""
Term: service
Output: positive
",neutral,prompt_single_term_fewshot,"Example 1:
Input: ""The decor is not special at all but their food and amazing prices make up for it.""
Term: decor
Output: negative


Example 2:
Input: ""when tables opened up, the manager sat another party before us.""
Term: tables
Output: neutral


Example 3
Input: ""service is good although a bit in your face, we were asked every five mins if food was ok, but better that than being ignored.""
Term: service
Output: positive

    
Task:
Input: There were a lot of scensters who couldnt afford dinner hanging in the waiting area so we got bumped around a lot.
Prompt: What is the sentiment in the text towards 'dinner'? Only respond with ""positive"", ""negative"" or ""neutral"" as one word."
58,58,20,58,There were a lot of scensters who couldnt afford dinner hanging in the waiting area so we got bumped around a lot.,waiting area,neutral,0,"Input: ""The decor is not special at all but their food and amazing prices make up for it.""
Term: decor
Output: negative
",3,"Input: ""when tables opened up, the manager sat another party before us.""
Term: tables
Output: neutral
",9,"Input: ""service is good although a bit in your face, we were asked every five mins if food was ok, but better that than being ignored.""
Term: service
Output: positive
",negative,prompt_single_term_fewshot,"Example 1:
Input: ""The decor is not special at all but their food and amazing prices make up for it.""
Term: decor
Output: negative


Example 2:
Input: ""when tables opened up, the manager sat another party before us.""
Term: tables
Output: neutral


Example 3
Input: ""service is good although a bit in your face, we were asked every five mins if food was ok, but better that than being ignored.""
Term: service
Output: positive

    
Task:
Input: There were a lot of scensters who couldnt afford dinner hanging in the waiting area so we got bumped around a lot.
Prompt: What is the sentiment in the text towards 'waiting area'? Only respond with ""positive"", ""negative"" or ""neutral"" as one word."
59,59,21,59,"For the price ($8), the quality of the buffet is great!",price,neutral,0,"Input: ""The decor is not special at all but their food and amazing prices make up for it.""
Term: decor
Output: negative
",3,"Input: ""when tables opened up, the manager sat another party before us.""
Term: tables
Output: neutral
",9,"Input: ""service is good although a bit in your face, we were asked every five mins if food was ok, but better that than being ignored.""
Term: service
Output: positive
",positive,prompt_single_term_fewshot,"Example 1:
Input: ""The decor is not special at all but their food and amazing prices make up for it.""
Term: decor
Output: negative


Example 2:
Input: ""when tables opened up, the manager sat another party before us.""
Term: tables
Output: neutral


Example 3
Input: ""service is good although a bit in your face, we were asked every five mins if food was ok, but better that than being ignored.""
Term: service
Output: positive

    
Task:
Input: For the price ($8), the quality of the buffet is great!
Prompt: What is the sentiment in the text towards 'price'? Only respond with ""positive"", ""negative"" or ""neutral"" as one word."
60,60,21,60,"For the price ($8), the quality of the buffet is great!",quality of the buffet,positive,0,"Input: ""The decor is not special at all but their food and amazing prices make up for it.""
Term: decor
Output: negative
",3,"Input: ""when tables opened up, the manager sat another party before us.""
Term: tables
Output: neutral
",9,"Input: ""service is good although a bit in your face, we were asked every five mins if food was ok, but better that than being ignored.""
Term: service
Output: positive
",positive,prompt_single_term_fewshot,"Example 1:
Input: ""The decor is not special at all but their food and amazing prices make up for it.""
Term: decor
Output: negative


Example 2:
Input: ""when tables opened up, the manager sat another party before us.""
Term: tables
Output: neutral


Example 3
Input: ""service is good although a bit in your face, we were asked every five mins if food was ok, but better that than being ignored.""
Term: service
Output: positive

    
Task:
Input: For the price ($8), the quality of the buffet is great!
Prompt: What is the sentiment in the text towards 'quality of the buffet'? Only respond with ""positive"", ""negative"" or ""neutral"" as one word."
61,61,22,61,The Food The menu features a wide array of Hawaiian- and Asian-flavored appetizers and entrees.,Food,neutral,0,"Input: ""The decor is not special at all but their food and amazing prices make up for it.""
Term: decor
Output: negative
",3,"Input: ""when tables opened up, the manager sat another party before us.""
Term: tables
Output: neutral
",9,"Input: ""service is good although a bit in your face, we were asked every five mins if food was ok, but better that than being ignored.""
Term: service
Output: positive
",positive,prompt_single_term_fewshot,"Example 1:
Input: ""The decor is not special at all but their food and amazing prices make up for it.""
Term: decor
Output: negative


Example 2:
Input: ""when tables opened up, the manager sat another party before us.""
Term: tables
Output: neutral


Example 3
Input: ""service is good although a bit in your face, we were asked every five mins if food was ok, but better that than being ignored.""
Term: service
Output: positive

    
Task:
Input: The Food The menu features a wide array of Hawaiian- and Asian-flavored appetizers and entrees.
Prompt: What is the sentiment in the text towards 'Food'? Only respond with ""positive"", ""negative"" or ""neutral"" as one word."
62,62,22,62,The Food The menu features a wide array of Hawaiian- and Asian-flavored appetizers and entrees.,array,positive,0,"Input: ""The decor is not special at all but their food and amazing prices make up for it.""
Term: decor
Output: negative
",3,"Input: ""when tables opened up, the manager sat another party before us.""
Term: tables
Output: neutral
",9,"Input: ""service is good although a bit in your face, we were asked every five mins if food was ok, but better that than being ignored.""
Term: service
Output: positive
",positive,prompt_single_term_fewshot,"Example 1:
Input: ""The decor is not special at all but their food and amazing prices make up for it.""
Term: decor
Output: negative


Example 2:
Input: ""when tables opened up, the manager sat another party before us.""
Term: tables
Output: neutral


Example 3
Input: ""service is good although a bit in your face, we were asked every five mins if food was ok, but better that than being ignored.""
Term: service
Output: positive

    
Task:
Input: The Food The menu features a wide array of Hawaiian- and Asian-flavored appetizers and entrees.
Prompt: What is the sentiment in the text towards 'array'? Only respond with ""positive"", ""negative"" or ""neutral"" as one word."
63,63,22,63,The Food The menu features a wide array of Hawaiian- and Asian-flavored appetizers and entrees.,appetizers,positive,0,"Input: ""The decor is not special at all but their food and amazing prices make up for it.""
Term: decor
Output: negative
",3,"Input: ""when tables opened up, the manager sat another party before us.""
Term: tables
Output: neutral
",9,"Input: ""service is good although a bit in your face, we were asked every five mins if food was ok, but better that than being ignored.""
Term: service
Output: positive
",positive,prompt_single_term_fewshot,"Example 1:
Input: ""The decor is not special at all but their food and amazing prices make up for it.""
Term: decor
Output: negative


Example 2:
Input: ""when tables opened up, the manager sat another party before us.""
Term: tables
Output: neutral


Example 3
Input: ""service is good although a bit in your face, we were asked every five mins if food was ok, but better that than being ignored.""
Term: service
Output: positive

    
Task:
Input: The Food The menu features a wide array of Hawaiian- and Asian-flavored appetizers and entrees.
Prompt: What is the sentiment in the text towards 'appetizers'? Only respond with ""positive"", ""negative"" or ""neutral"" as one word."
64,64,23,64,seems everyone ordered sushi there were tons of delivery orders (we can tell as we sat near the back).,sushi,neutral,0,"Input: ""The decor is not special at all but their food and amazing prices make up for it.""
Term: decor
Output: negative
",3,"Input: ""when tables opened up, the manager sat another party before us.""
Term: tables
Output: neutral
",9,"Input: ""service is good although a bit in your face, we were asked every five mins if food was ok, but better that than being ignored.""
Term: service
Output: positive
",positive,prompt_single_term_fewshot,"Example 1:
Input: ""The decor is not special at all but their food and amazing prices make up for it.""
Term: decor
Output: negative


Example 2:
Input: ""when tables opened up, the manager sat another party before us.""
Term: tables
Output: neutral


Example 3
Input: ""service is good although a bit in your face, we were asked every five mins if food was ok, but better that than being ignored.""
Term: service
Output: positive

    
Task:
Input: seems everyone ordered sushi there were tons of delivery orders (we can tell as we sat near the back).
Prompt: What is the sentiment in the text towards 'sushi'? Only respond with ""positive"", ""negative"" or ""neutral"" as one word."
65,65,23,65,seems everyone ordered sushi there were tons of delivery orders (we can tell as we sat near the back).,delivery,positive,0,"Input: ""The decor is not special at all but their food and amazing prices make up for it.""
Term: decor
Output: negative
",3,"Input: ""when tables opened up, the manager sat another party before us.""
Term: tables
Output: neutral
",9,"Input: ""service is good although a bit in your face, we were asked every five mins if food was ok, but better that than being ignored.""
Term: service
Output: positive
",neutral,prompt_single_term_fewshot,"Example 1:
Input: ""The decor is not special at all but their food and amazing prices make up for it.""
Term: decor
Output: negative


Example 2:
Input: ""when tables opened up, the manager sat another party before us.""
Term: tables
Output: neutral


Example 3
Input: ""service is good although a bit in your face, we were asked every five mins if food was ok, but better that than being ignored.""
Term: service
Output: positive

    
Task:
Input: seems everyone ordered sushi there were tons of delivery orders (we can tell as we sat near the back).
Prompt: What is the sentiment in the text towards 'delivery'? Only respond with ""positive"", ""negative"" or ""neutral"" as one word."
66,66,24,66,"A 3 course-meal took 2 1/2 hours, including 20 - 30 minutes waiting to get the check after dessert.",waiting,negative,0,"Input: ""The decor is not special at all but their food and amazing prices make up for it.""
Term: decor
Output: negative
",3,"Input: ""when tables opened up, the manager sat another party before us.""
Term: tables
Output: neutral
",9,"Input: ""service is good although a bit in your face, we were asked every five mins if food was ok, but better that than being ignored.""
Term: service
Output: positive
",negative,prompt_single_term_fewshot,"Example 1:
Input: ""The decor is not special at all but their food and amazing prices make up for it.""
Term: decor
Output: negative


Example 2:
Input: ""when tables opened up, the manager sat another party before us.""
Term: tables
Output: neutral


Example 3
Input: ""service is good although a bit in your face, we were asked every five mins if food was ok, but better that than being ignored.""
Term: service
Output: positive

    
Task:
Input: A 3 course-meal took 2 1/2 hours, including 20 - 30 minutes waiting to get the check after dessert.
Prompt: What is the sentiment in the text towards 'waiting'? Only respond with ""positive"", ""negative"" or ""neutral"" as one word."
67,67,24,67,"A 3 course-meal took 2 1/2 hours, including 20 - 30 minutes waiting to get the check after dessert.",dessert,neutral,0,"Input: ""The decor is not special at all but their food and amazing prices make up for it.""
Term: decor
Output: negative
",3,"Input: ""when tables opened up, the manager sat another party before us.""
Term: tables
Output: neutral
",9,"Input: ""service is good although a bit in your face, we were asked every five mins if food was ok, but better that than being ignored.""
Term: service
Output: positive
",neutral,prompt_single_term_fewshot,"Example 1:
Input: ""The decor is not special at all but their food and amazing prices make up for it.""
Term: decor
Output: negative


Example 2:
Input: ""when tables opened up, the manager sat another party before us.""
Term: tables
Output: neutral


Example 3
Input: ""service is good although a bit in your face, we were asked every five mins if food was ok, but better that than being ignored.""
Term: service
Output: positive

    
Task:
Input: A 3 course-meal took 2 1/2 hours, including 20 - 30 minutes waiting to get the check after dessert.
Prompt: What is the sentiment in the text towards 'dessert'? Only respond with ""positive"", ""negative"" or ""neutral"" as one word."
68,68,25,68,Bernard is a great host; it didn't bother me a bit that he recited the entire menu to my wife.,host,positive,0,"Input: ""The decor is not special at all but their food and amazing prices make up for it.""
Term: decor
Output: negative
",3,"Input: ""when tables opened up, the manager sat another party before us.""
Term: tables
Output: neutral
",9,"Input: ""service is good although a bit in your face, we were asked every five mins if food was ok, but better that than being ignored.""
Term: service
Output: positive
",positive,prompt_single_term_fewshot,"Example 1:
Input: ""The decor is not special at all but their food and amazing prices make up for it.""
Term: decor
Output: negative


Example 2:
Input: ""when tables opened up, the manager sat another party before us.""
Term: tables
Output: neutral


Example 3
Input: ""service is good although a bit in your face, we were asked every five mins if food was ok, but better that than being ignored.""
Term: service
Output: positive

    
Task:
Input: Bernard is a great host; it didn't bother me a bit that he recited the entire menu to my wife.
Prompt: What is the sentiment in the text towards 'host'? Only respond with ""positive"", ""negative"" or ""neutral"" as one word."
69,69,25,69,Bernard is a great host; it didn't bother me a bit that he recited the entire menu to my wife.,menu,neutral,0,"Input: ""The decor is not special at all but their food and amazing prices make up for it.""
Term: decor
Output: negative
",3,"Input: ""when tables opened up, the manager sat another party before us.""
Term: tables
Output: neutral
",9,"Input: ""service is good although a bit in your face, we were asked every five mins if food was ok, but better that than being ignored.""
Term: service
Output: positive
",neutral,prompt_single_term_fewshot,"Example 1:
Input: ""The decor is not special at all but their food and amazing prices make up for it.""
Term: decor
Output: negative


Example 2:
Input: ""when tables opened up, the manager sat another party before us.""
Term: tables
Output: neutral


Example 3
Input: ""service is good although a bit in your face, we were asked every five mins if food was ok, but better that than being ignored.""
Term: service
Output: positive

    
Task:
Input: Bernard is a great host; it didn't bother me a bit that he recited the entire menu to my wife.
Prompt: What is the sentiment in the text towards 'menu'? Only respond with ""positive"", ""negative"" or ""neutral"" as one word."
70,70,26,70,Ive had better burgers and fries at the local dinner in my neighborhood: 3 guys dinner on 96th and Madison Avenue.,burgers,positive,0,"Input: ""The decor is not special at all but their food and amazing prices make up for it.""
Term: decor
Output: negative
",3,"Input: ""when tables opened up, the manager sat another party before us.""
Term: tables
Output: neutral
",9,"Input: ""service is good although a bit in your face, we were asked every five mins if food was ok, but better that than being ignored.""
Term: service
Output: positive
",negative,prompt_single_term_fewshot,"Example 1:
Input: ""The decor is not special at all but their food and amazing prices make up for it.""
Term: decor
Output: negative


Example 2:
Input: ""when tables opened up, the manager sat another party before us.""
Term: tables
Output: neutral


Example 3
Input: ""service is good although a bit in your face, we were asked every five mins if food was ok, but better that than being ignored.""
Term: service
Output: positive

    
Task:
Input: Ive had better burgers and fries at the local dinner in my neighborhood: 3 guys dinner on 96th and Madison Avenue.
Prompt: What is the sentiment in the text towards 'burgers'? Only respond with ""positive"", ""negative"" or ""neutral"" as one word."
71,71,26,71,Ive had better burgers and fries at the local dinner in my neighborhood: 3 guys dinner on 96th and Madison Avenue.,fries,positive,0,"Input: ""The decor is not special at all but their food and amazing prices make up for it.""
Term: decor
Output: negative
",3,"Input: ""when tables opened up, the manager sat another party before us.""
Term: tables
Output: neutral
",9,"Input: ""service is good although a bit in your face, we were asked every five mins if food was ok, but better that than being ignored.""
Term: service
Output: positive
",negative,prompt_single_term_fewshot,"Example 1:
Input: ""The decor is not special at all but their food and amazing prices make up for it.""
Term: decor
Output: negative


Example 2:
Input: ""when tables opened up, the manager sat another party before us.""
Term: tables
Output: neutral


Example 3
Input: ""service is good although a bit in your face, we were asked every five mins if food was ok, but better that than being ignored.""
Term: service
Output: positive

    
Task:
Input: Ive had better burgers and fries at the local dinner in my neighborhood: 3 guys dinner on 96th and Madison Avenue.
Prompt: What is the sentiment in the text towards 'fries'? Only respond with ""positive"", ""negative"" or ""neutral"" as one word."
72,72,26,72,Ive had better burgers and fries at the local dinner in my neighborhood: 3 guys dinner on 96th and Madison Avenue.,local dinner,neutral,0,"Input: ""The decor is not special at all but their food and amazing prices make up for it.""
Term: decor
Output: negative
",3,"Input: ""when tables opened up, the manager sat another party before us.""
Term: tables
Output: neutral
",9,"Input: ""service is good although a bit in your face, we were asked every five mins if food was ok, but better that than being ignored.""
Term: service
Output: positive
",negative,prompt_single_term_fewshot,"Example 1:
Input: ""The decor is not special at all but their food and amazing prices make up for it.""
Term: decor
Output: negative


Example 2:
Input: ""when tables opened up, the manager sat another party before us.""
Term: tables
Output: neutral


Example 3
Input: ""service is good although a bit in your face, we were asked every five mins if food was ok, but better that than being ignored.""
Term: service
Output: positive

    
Task:
Input: Ive had better burgers and fries at the local dinner in my neighborhood: 3 guys dinner on 96th and Madison Avenue.
Prompt: What is the sentiment in the text towards 'local dinner'? Only respond with ""positive"", ""negative"" or ""neutral"" as one word."
73,73,27,73,"We were so excited since I was reading great review of this place, however we were disappointed with the taste of the food.",place,negative,0,"Input: ""The decor is not special at all but their food and amazing prices make up for it.""
Term: decor
Output: negative
",3,"Input: ""when tables opened up, the manager sat another party before us.""
Term: tables
Output: neutral
",9,"Input: ""service is good although a bit in your face, we were asked every five mins if food was ok, but better that than being ignored.""
Term: service
Output: positive
",positive,prompt_single_term_fewshot,"Example 1:
Input: ""The decor is not special at all but their food and amazing prices make up for it.""
Term: decor
Output: negative


Example 2:
Input: ""when tables opened up, the manager sat another party before us.""
Term: tables
Output: neutral


Example 3
Input: ""service is good although a bit in your face, we were asked every five mins if food was ok, but better that than being ignored.""
Term: service
Output: positive

    
Task:
Input: We were so excited since I was reading great review of this place, however we were disappointed with the taste of the food.
Prompt: What is the sentiment in the text towards 'place'? Only respond with ""positive"", ""negative"" or ""neutral"" as one word."
74,74,27,74,"We were so excited since I was reading great review of this place, however we were disappointed with the taste of the food.",taste,neutral,0,"Input: ""The decor is not special at all but their food and amazing prices make up for it.""
Term: decor
Output: negative
",3,"Input: ""when tables opened up, the manager sat another party before us.""
Term: tables
Output: neutral
",9,"Input: ""service is good although a bit in your face, we were asked every five mins if food was ok, but better that than being ignored.""
Term: service
Output: positive
",negative,prompt_single_term_fewshot,"Example 1:
Input: ""The decor is not special at all but their food and amazing prices make up for it.""
Term: decor
Output: negative


Example 2:
Input: ""when tables opened up, the manager sat another party before us.""
Term: tables
Output: neutral


Example 3
Input: ""service is good although a bit in your face, we were asked every five mins if food was ok, but better that than being ignored.""
Term: service
Output: positive

    
Task:
Input: We were so excited since I was reading great review of this place, however we were disappointed with the taste of the food.
Prompt: What is the sentiment in the text towards 'taste'? Only respond with ""positive"", ""negative"" or ""neutral"" as one word."
75,75,27,75,"We were so excited since I was reading great review of this place, however we were disappointed with the taste of the food.",food,positive,0,"Input: ""The decor is not special at all but their food and amazing prices make up for it.""
Term: decor
Output: negative
",3,"Input: ""when tables opened up, the manager sat another party before us.""
Term: tables
Output: neutral
",9,"Input: ""service is good although a bit in your face, we were asked every five mins if food was ok, but better that than being ignored.""
Term: service
Output: positive
",negative,prompt_single_term_fewshot,"Example 1:
Input: ""The decor is not special at all but their food and amazing prices make up for it.""
Term: decor
Output: negative


Example 2:
Input: ""when tables opened up, the manager sat another party before us.""
Term: tables
Output: neutral


Example 3
Input: ""service is good although a bit in your face, we were asked every five mins if food was ok, but better that than being ignored.""
Term: service
Output: positive

    
Task:
Input: We were so excited since I was reading great review of this place, however we were disappointed with the taste of the food.
Prompt: What is the sentiment in the text towards 'food'? Only respond with ""positive"", ""negative"" or ""neutral"" as one word."
76,76,28,76,"Also, they upped their prices, so I have their old menu, and was surprised when my bill came to over $5 more than it used to (I know, not a huge deal).",prices,negative,0,"Input: ""The decor is not special at all but their food and amazing prices make up for it.""
Term: decor
Output: negative
",3,"Input: ""when tables opened up, the manager sat another party before us.""
Term: tables
Output: neutral
",9,"Input: ""service is good although a bit in your face, we were asked every five mins if food was ok, but better that than being ignored.""
Term: service
Output: positive
",negative,prompt_single_term_fewshot,"Example 1:
Input: ""The decor is not special at all but their food and amazing prices make up for it.""
Term: decor
Output: negative


Example 2:
Input: ""when tables opened up, the manager sat another party before us.""
Term: tables
Output: neutral


Example 3
Input: ""service is good although a bit in your face, we were asked every five mins if food was ok, but better that than being ignored.""
Term: service
Output: positive

    
Task:
Input: Also, they upped their prices, so I have their old menu, and was surprised when my bill came to over $5 more than it used to (I know, not a huge deal).
Prompt: What is the sentiment in the text towards 'prices'? Only respond with ""positive"", ""negative"" or ""neutral"" as one word."
77,77,28,77,"Also, they upped their prices, so I have their old menu, and was surprised when my bill came to over $5 more than it used to (I know, not a huge deal).",menu,neutral,0,"Input: ""The decor is not special at all but their food and amazing prices make up for it.""
Term: decor
Output: negative
",3,"Input: ""when tables opened up, the manager sat another party before us.""
Term: tables
Output: neutral
",9,"Input: ""service is good although a bit in your face, we were asked every five mins if food was ok, but better that than being ignored.""
Term: service
Output: positive
",negative,prompt_single_term_fewshot,"Example 1:
Input: ""The decor is not special at all but their food and amazing prices make up for it.""
Term: decor
Output: negative


Example 2:
Input: ""when tables opened up, the manager sat another party before us.""
Term: tables
Output: neutral


Example 3
Input: ""service is good although a bit in your face, we were asked every five mins if food was ok, but better that than being ignored.""
Term: service
Output: positive

    
Task:
Input: Also, they upped their prices, so I have their old menu, and was surprised when my bill came to over $5 more than it used to (I know, not a huge deal).
Prompt: What is the sentiment in the text towards 'menu'? Only respond with ""positive"", ""negative"" or ""neutral"" as one word."
78,78,28,78,"Also, they upped their prices, so I have their old menu, and was surprised when my bill came to over $5 more than it used to (I know, not a huge deal).",bill,neutral,0,"Input: ""The decor is not special at all but their food and amazing prices make up for it.""
Term: decor
Output: negative
",3,"Input: ""when tables opened up, the manager sat another party before us.""
Term: tables
Output: neutral
",9,"Input: ""service is good although a bit in your face, we were asked every five mins if food was ok, but better that than being ignored.""
Term: service
Output: positive
",negative,prompt_single_term_fewshot,"Example 1:
Input: ""The decor is not special at all but their food and amazing prices make up for it.""
Term: decor
Output: negative


Example 2:
Input: ""when tables opened up, the manager sat another party before us.""
Term: tables
Output: neutral


Example 3
Input: ""service is good although a bit in your face, we were asked every five mins if food was ok, but better that than being ignored.""
Term: service
Output: positive

    
Task:
Input: Also, they upped their prices, so I have their old menu, and was surprised when my bill came to over $5 more than it used to (I know, not a huge deal).
Prompt: What is the sentiment in the text towards 'bill'? Only respond with ""positive"", ""negative"" or ""neutral"" as one word."
79,79,29,79,"If people are late, you could lose your reservation and/or the staff does pressure you to start ordering even if your whole party hasnt arrived.",reservation,neutral,0,"Input: ""The decor is not special at all but their food and amazing prices make up for it.""
Term: decor
Output: negative
",3,"Input: ""when tables opened up, the manager sat another party before us.""
Term: tables
Output: neutral
",9,"Input: ""service is good although a bit in your face, we were asked every five mins if food was ok, but better that than being ignored.""
Term: service
Output: positive
",negative,prompt_single_term_fewshot,"Example 1:
Input: ""The decor is not special at all but their food and amazing prices make up for it.""
Term: decor
Output: negative


Example 2:
Input: ""when tables opened up, the manager sat another party before us.""
Term: tables
Output: neutral


Example 3
Input: ""service is good although a bit in your face, we were asked every five mins if food was ok, but better that than being ignored.""
Term: service
Output: positive

    
Task:
Input: If people are late, you could lose your reservation and/or the staff does pressure you to start ordering even if your whole party hasnt arrived.
Prompt: What is the sentiment in the text towards 'reservation'? Only respond with ""positive"", ""negative"" or ""neutral"" as one word."
80,80,29,80,"If people are late, you could lose your reservation and/or the staff does pressure you to start ordering even if your whole party hasnt arrived.",staff,negative,0,"Input: ""The decor is not special at all but their food and amazing prices make up for it.""
Term: decor
Output: negative
",3,"Input: ""when tables opened up, the manager sat another party before us.""
Term: tables
Output: neutral
",9,"Input: ""service is good although a bit in your face, we were asked every five mins if food was ok, but better that than being ignored.""
Term: service
Output: positive
",negative,prompt_single_term_fewshot,"Example 1:
Input: ""The decor is not special at all but their food and amazing prices make up for it.""
Term: decor
Output: negative


Example 2:
Input: ""when tables opened up, the manager sat another party before us.""
Term: tables
Output: neutral


Example 3
Input: ""service is good although a bit in your face, we were asked every five mins if food was ok, but better that than being ignored.""
Term: service
Output: positive

    
Task:
Input: If people are late, you could lose your reservation and/or the staff does pressure you to start ordering even if your whole party hasnt arrived.
Prompt: What is the sentiment in the text towards 'staff'? Only respond with ""positive"", ""negative"" or ""neutral"" as one word."
81,81,30,81,Seating is usually very prompt but expect a wait at peak times such as Sunday Brunch.,wait,negative,0,"Input: ""The decor is not special at all but their food and amazing prices make up for it.""
Term: decor
Output: negative
",3,"Input: ""when tables opened up, the manager sat another party before us.""
Term: tables
Output: neutral
",9,"Input: ""service is good although a bit in your face, we were asked every five mins if food was ok, but better that than being ignored.""
Term: service
Output: positive
",negative,prompt_single_term_fewshot,"Example 1:
Input: ""The decor is not special at all but their food and amazing prices make up for it.""
Term: decor
Output: negative


Example 2:
Input: ""when tables opened up, the manager sat another party before us.""
Term: tables
Output: neutral


Example 3
Input: ""service is good although a bit in your face, we were asked every five mins if food was ok, but better that than being ignored.""
Term: service
Output: positive

    
Task:
Input: Seating is usually very prompt but expect a wait at peak times such as Sunday Brunch.
Prompt: What is the sentiment in the text towards 'wait'? Only respond with ""positive"", ""negative"" or ""neutral"" as one word."
82,82,30,82,Seating is usually very prompt but expect a wait at peak times such as Sunday Brunch.,Brunch,neutral,0,"Input: ""The decor is not special at all but their food and amazing prices make up for it.""
Term: decor
Output: negative
",3,"Input: ""when tables opened up, the manager sat another party before us.""
Term: tables
Output: neutral
",9,"Input: ""service is good although a bit in your face, we were asked every five mins if food was ok, but better that than being ignored.""
Term: service
Output: positive
",neutral,prompt_single_term_fewshot,"Example 1:
Input: ""The decor is not special at all but their food and amazing prices make up for it.""
Term: decor
Output: negative


Example 2:
Input: ""when tables opened up, the manager sat another party before us.""
Term: tables
Output: neutral


Example 3
Input: ""service is good although a bit in your face, we were asked every five mins if food was ok, but better that than being ignored.""
Term: service
Output: positive

    
Task:
Input: Seating is usually very prompt but expect a wait at peak times such as Sunday Brunch.
Prompt: What is the sentiment in the text towards 'Brunch'? Only respond with ""positive"", ""negative"" or ""neutral"" as one word."
83,83,31,83,"Their bagels have the perfect softness to them, but on the outside there's a bit of crispiness to give it a bit of texture.",bagels,positive,0,"Input: ""The decor is not special at all but their food and amazing prices make up for it.""
Term: decor
Output: negative
",3,"Input: ""when tables opened up, the manager sat another party before us.""
Term: tables
Output: neutral
",9,"Input: ""service is good although a bit in your face, we were asked every five mins if food was ok, but better that than being ignored.""
Term: service
Output: positive
",positive,prompt_single_term_fewshot,"Example 1:
Input: ""The decor is not special at all but their food and amazing prices make up for it.""
Term: decor
Output: negative


Example 2:
Input: ""when tables opened up, the manager sat another party before us.""
Term: tables
Output: neutral


Example 3
Input: ""service is good although a bit in your face, we were asked every five mins if food was ok, but better that than being ignored.""
Term: service
Output: positive

    
Task:
Input: Their bagels have the perfect softness to them, but on the outside there's a bit of crispiness to give it a bit of texture.
Prompt: What is the sentiment in the text towards 'bagels'? Only respond with ""positive"", ""negative"" or ""neutral"" as one word."
84,84,31,84,"Their bagels have the perfect softness to them, but on the outside there's a bit of crispiness to give it a bit of texture.",texture,neutral,0,"Input: ""The decor is not special at all but their food and amazing prices make up for it.""
Term: decor
Output: negative
",3,"Input: ""when tables opened up, the manager sat another party before us.""
Term: tables
Output: neutral
",9,"Input: ""service is good although a bit in your face, we were asked every five mins if food was ok, but better that than being ignored.""
Term: service
Output: positive
",positive,prompt_single_term_fewshot,"Example 1:
Input: ""The decor is not special at all but their food and amazing prices make up for it.""
Term: decor
Output: negative


Example 2:
Input: ""when tables opened up, the manager sat another party before us.""
Term: tables
Output: neutral


Example 3
Input: ""service is good although a bit in your face, we were asked every five mins if food was ok, but better that than being ignored.""
Term: service
Output: positive

    
Task:
Input: Their bagels have the perfect softness to them, but on the outside there's a bit of crispiness to give it a bit of texture.
Prompt: What is the sentiment in the text towards 'texture'? Only respond with ""positive"", ""negative"" or ""neutral"" as one word."
85,85,32,85,"Great value for the price-- lunch is an even better value, with entree and appetizer for between $8-10 or so.",price,positive,0,"Input: ""The decor is not special at all but their food and amazing prices make up for it.""
Term: decor
Output: negative
",3,"Input: ""when tables opened up, the manager sat another party before us.""
Term: tables
Output: neutral
",9,"Input: ""service is good although a bit in your face, we were asked every five mins if food was ok, but better that than being ignored.""
Term: service
Output: positive
",positive,prompt_single_term_fewshot,"Example 1:
Input: ""The decor is not special at all but their food and amazing prices make up for it.""
Term: decor
Output: negative


Example 2:
Input: ""when tables opened up, the manager sat another party before us.""
Term: tables
Output: neutral


Example 3
Input: ""service is good although a bit in your face, we were asked every five mins if food was ok, but better that than being ignored.""
Term: service
Output: positive

    
Task:
Input: Great value for the price-- lunch is an even better value, with entree and appetizer for between $8-10 or so.
Prompt: What is the sentiment in the text towards 'price'? Only respond with ""positive"", ""negative"" or ""neutral"" as one word."
86,86,32,86,"Great value for the price-- lunch is an even better value, with entree and appetizer for between $8-10 or so.",lunch,positive,0,"Input: ""The decor is not special at all but their food and amazing prices make up for it.""
Term: decor
Output: negative
",3,"Input: ""when tables opened up, the manager sat another party before us.""
Term: tables
Output: neutral
",9,"Input: ""service is good although a bit in your face, we were asked every five mins if food was ok, but better that than being ignored.""
Term: service
Output: positive
",positive,prompt_single_term_fewshot,"Example 1:
Input: ""The decor is not special at all but their food and amazing prices make up for it.""
Term: decor
Output: negative


Example 2:
Input: ""when tables opened up, the manager sat another party before us.""
Term: tables
Output: neutral


Example 3
Input: ""service is good although a bit in your face, we were asked every five mins if food was ok, but better that than being ignored.""
Term: service
Output: positive

    
Task:
Input: Great value for the price-- lunch is an even better value, with entree and appetizer for between $8-10 or so.
Prompt: What is the sentiment in the text towards 'lunch'? Only respond with ""positive"", ""negative"" or ""neutral"" as one word."
87,87,32,87,"Great value for the price-- lunch is an even better value, with entree and appetizer for between $8-10 or so.",appetizer,neutral,0,"Input: ""The decor is not special at all but their food and amazing prices make up for it.""
Term: decor
Output: negative
",3,"Input: ""when tables opened up, the manager sat another party before us.""
Term: tables
Output: neutral
",9,"Input: ""service is good although a bit in your face, we were asked every five mins if food was ok, but better that than being ignored.""
Term: service
Output: positive
",positive,prompt_single_term_fewshot,"Example 1:
Input: ""The decor is not special at all but their food and amazing prices make up for it.""
Term: decor
Output: negative


Example 2:
Input: ""when tables opened up, the manager sat another party before us.""
Term: tables
Output: neutral


Example 3
Input: ""service is good although a bit in your face, we were asked every five mins if food was ok, but better that than being ignored.""
Term: service
Output: positive

    
Task:
Input: Great value for the price-- lunch is an even better value, with entree and appetizer for between $8-10 or so.
Prompt: What is the sentiment in the text towards 'appetizer'? Only respond with ""positive"", ""negative"" or ""neutral"" as one word."
88,88,33,88,Ten minutes later the manager relented and dropped off a glass of water with an upturned nose.,manager,negative,0,"Input: ""The decor is not special at all but their food and amazing prices make up for it.""
Term: decor
Output: negative
",3,"Input: ""when tables opened up, the manager sat another party before us.""
Term: tables
Output: neutral
",9,"Input: ""service is good although a bit in your face, we were asked every five mins if food was ok, but better that than being ignored.""
Term: service
Output: positive
",negative,prompt_single_term_fewshot,"Example 1:
Input: ""The decor is not special at all but their food and amazing prices make up for it.""
Term: decor
Output: negative


Example 2:
Input: ""when tables opened up, the manager sat another party before us.""
Term: tables
Output: neutral


Example 3
Input: ""service is good although a bit in your face, we were asked every five mins if food was ok, but better that than being ignored.""
Term: service
Output: positive

    
Task:
Input: Ten minutes later the manager relented and dropped off a glass of water with an upturned nose.
Prompt: What is the sentiment in the text towards 'manager'? Only respond with ""positive"", ""negative"" or ""neutral"" as one word."
89,89,33,89,Ten minutes later the manager relented and dropped off a glass of water with an upturned nose.,glass of water,neutral,0,"Input: ""The decor is not special at all but their food and amazing prices make up for it.""
Term: decor
Output: negative
",3,"Input: ""when tables opened up, the manager sat another party before us.""
Term: tables
Output: neutral
",9,"Input: ""service is good although a bit in your face, we were asked every five mins if food was ok, but better that than being ignored.""
Term: service
Output: positive
",neutral,prompt_single_term_fewshot,"Example 1:
Input: ""The decor is not special at all but their food and amazing prices make up for it.""
Term: decor
Output: negative


Example 2:
Input: ""when tables opened up, the manager sat another party before us.""
Term: tables
Output: neutral


Example 3
Input: ""service is good although a bit in your face, we were asked every five mins if food was ok, but better that than being ignored.""
Term: service
Output: positive

    
Task:
Input: Ten minutes later the manager relented and dropped off a glass of water with an upturned nose.
Prompt: What is the sentiment in the text towards 'glass of water'? Only respond with ""positive"", ""negative"" or ""neutral"" as one word."
90,90,34,90,The servers were snobby and got mad at me when I asked if they serve by the slice.,servers,negative,0,"Input: ""The decor is not special at all but their food and amazing prices make up for it.""
Term: decor
Output: negative
",3,"Input: ""when tables opened up, the manager sat another party before us.""
Term: tables
Output: neutral
",9,"Input: ""service is good although a bit in your face, we were asked every five mins if food was ok, but better that than being ignored.""
Term: service
Output: positive
",negative,prompt_single_term_fewshot,"Example 1:
Input: ""The decor is not special at all but their food and amazing prices make up for it.""
Term: decor
Output: negative


Example 2:
Input: ""when tables opened up, the manager sat another party before us.""
Term: tables
Output: neutral


Example 3
Input: ""service is good although a bit in your face, we were asked every five mins if food was ok, but better that than being ignored.""
Term: service
Output: positive

    
Task:
Input: The servers were snobby and got mad at me when I asked if they serve by the slice.
Prompt: What is the sentiment in the text towards 'servers'? Only respond with ""positive"", ""negative"" or ""neutral"" as one word."
91,91,34,91,The servers were snobby and got mad at me when I asked if they serve by the slice.,slice,neutral,0,"Input: ""The decor is not special at all but their food and amazing prices make up for it.""
Term: decor
Output: negative
",3,"Input: ""when tables opened up, the manager sat another party before us.""
Term: tables
Output: neutral
",9,"Input: ""service is good although a bit in your face, we were asked every five mins if food was ok, but better that than being ignored.""
Term: service
Output: positive
",neutral,prompt_single_term_fewshot,"Example 1:
Input: ""The decor is not special at all but their food and amazing prices make up for it.""
Term: decor
Output: negative


Example 2:
Input: ""when tables opened up, the manager sat another party before us.""
Term: tables
Output: neutral


Example 3
Input: ""service is good although a bit in your face, we were asked every five mins if food was ok, but better that than being ignored.""
Term: service
Output: positive

    
Task:
Input: The servers were snobby and got mad at me when I asked if they serve by the slice.
Prompt: What is the sentiment in the text towards 'slice'? Only respond with ""positive"", ""negative"" or ""neutral"" as one word."
92,92,35,92,The manager claimed that he could not compensate us for anything on the bill which just shows the lack of sophistication from the entire group.,manager,neutral,0,"Input: ""The decor is not special at all but their food and amazing prices make up for it.""
Term: decor
Output: negative
",3,"Input: ""when tables opened up, the manager sat another party before us.""
Term: tables
Output: neutral
",9,"Input: ""service is good although a bit in your face, we were asked every five mins if food was ok, but better that than being ignored.""
Term: service
Output: positive
",negative,prompt_single_term_fewshot,"Example 1:
Input: ""The decor is not special at all but their food and amazing prices make up for it.""
Term: decor
Output: negative


Example 2:
Input: ""when tables opened up, the manager sat another party before us.""
Term: tables
Output: neutral


Example 3
Input: ""service is good although a bit in your face, we were asked every five mins if food was ok, but better that than being ignored.""
Term: service
Output: positive

    
Task:
Input: The manager claimed that he could not compensate us for anything on the bill which just shows the lack of sophistication from the entire group.
Prompt: What is the sentiment in the text towards 'manager'? Only respond with ""positive"", ""negative"" or ""neutral"" as one word."
93,93,35,93,The manager claimed that he could not compensate us for anything on the bill which just shows the lack of sophistication from the entire group.,bill,negative,0,"Input: ""The decor is not special at all but their food and amazing prices make up for it.""
Term: decor
Output: negative
",3,"Input: ""when tables opened up, the manager sat another party before us.""
Term: tables
Output: neutral
",9,"Input: ""service is good although a bit in your face, we were asked every five mins if food was ok, but better that than being ignored.""
Term: service
Output: positive
",negative,prompt_single_term_fewshot,"Example 1:
Input: ""The decor is not special at all but their food and amazing prices make up for it.""
Term: decor
Output: negative


Example 2:
Input: ""when tables opened up, the manager sat another party before us.""
Term: tables
Output: neutral


Example 3
Input: ""service is good although a bit in your face, we were asked every five mins if food was ok, but better that than being ignored.""
Term: service
Output: positive

    
Task:
Input: The manager claimed that he could not compensate us for anything on the bill which just shows the lack of sophistication from the entire group.
Prompt: What is the sentiment in the text towards 'bill'? Only respond with ""positive"", ""negative"" or ""neutral"" as one word."
94,94,36,94,"While waiting for a table, tried to get a drink from a bartender who seemed more interested in arguing with his waiters.",waiting,neutral,0,"Input: ""The decor is not special at all but their food and amazing prices make up for it.""
Term: decor
Output: negative
",3,"Input: ""when tables opened up, the manager sat another party before us.""
Term: tables
Output: neutral
",9,"Input: ""service is good although a bit in your face, we were asked every five mins if food was ok, but better that than being ignored.""
Term: service
Output: positive
",neutral,prompt_single_term_fewshot,"Example 1:
Input: ""The decor is not special at all but their food and amazing prices make up for it.""
Term: decor
Output: negative


Example 2:
Input: ""when tables opened up, the manager sat another party before us.""
Term: tables
Output: neutral


Example 3
Input: ""service is good although a bit in your face, we were asked every five mins if food was ok, but better that than being ignored.""
Term: service
Output: positive

    
Task:
Input: While waiting for a table, tried to get a drink from a bartender who seemed more interested in arguing with his waiters.
Prompt: What is the sentiment in the text towards 'waiting'? Only respond with ""positive"", ""negative"" or ""neutral"" as one word."
95,95,36,95,"While waiting for a table, tried to get a drink from a bartender who seemed more interested in arguing with his waiters.",table,neutral,0,"Input: ""The decor is not special at all but their food and amazing prices make up for it.""
Term: decor
Output: negative
",3,"Input: ""when tables opened up, the manager sat another party before us.""
Term: tables
Output: neutral
",9,"Input: ""service is good although a bit in your face, we were asked every five mins if food was ok, but better that than being ignored.""
Term: service
Output: positive
",neutral,prompt_single_term_fewshot,"Example 1:
Input: ""The decor is not special at all but their food and amazing prices make up for it.""
Term: decor
Output: negative


Example 2:
Input: ""when tables opened up, the manager sat another party before us.""
Term: tables
Output: neutral


Example 3
Input: ""service is good although a bit in your face, we were asked every five mins if food was ok, but better that than being ignored.""
Term: service
Output: positive

    
Task:
Input: While waiting for a table, tried to get a drink from a bartender who seemed more interested in arguing with his waiters.
Prompt: What is the sentiment in the text towards 'table'? Only respond with ""positive"", ""negative"" or ""neutral"" as one word."
96,96,36,96,"While waiting for a table, tried to get a drink from a bartender who seemed more interested in arguing with his waiters.",drink,neutral,0,"Input: ""The decor is not special at all but their food and amazing prices make up for it.""
Term: decor
Output: negative
",3,"Input: ""when tables opened up, the manager sat another party before us.""
Term: tables
Output: neutral
",9,"Input: ""service is good although a bit in your face, we were asked every five mins if food was ok, but better that than being ignored.""
Term: service
Output: positive
",negative,prompt_single_term_fewshot,"Example 1:
Input: ""The decor is not special at all but their food and amazing prices make up for it.""
Term: decor
Output: negative


Example 2:
Input: ""when tables opened up, the manager sat another party before us.""
Term: tables
Output: neutral


Example 3
Input: ""service is good although a bit in your face, we were asked every five mins if food was ok, but better that than being ignored.""
Term: service
Output: positive

    
Task:
Input: While waiting for a table, tried to get a drink from a bartender who seemed more interested in arguing with his waiters.
Prompt: What is the sentiment in the text towards 'drink'? Only respond with ""positive"", ""negative"" or ""neutral"" as one word."
97,97,36,97,"While waiting for a table, tried to get a drink from a bartender who seemed more interested in arguing with his waiters.",waiters,negative,0,"Input: ""The decor is not special at all but their food and amazing prices make up for it.""
Term: decor
Output: negative
",3,"Input: ""when tables opened up, the manager sat another party before us.""
Term: tables
Output: neutral
",9,"Input: ""service is good although a bit in your face, we were asked every five mins if food was ok, but better that than being ignored.""
Term: service
Output: positive
",negative,prompt_single_term_fewshot,"Example 1:
Input: ""The decor is not special at all but their food and amazing prices make up for it.""
Term: decor
Output: negative


Example 2:
Input: ""when tables opened up, the manager sat another party before us.""
Term: tables
Output: neutral


Example 3
Input: ""service is good although a bit in your face, we were asked every five mins if food was ok, but better that than being ignored.""
Term: service
Output: positive

    
Task:
Input: While waiting for a table, tried to get a drink from a bartender who seemed more interested in arguing with his waiters.
Prompt: What is the sentiment in the text towards 'waiters'? Only respond with ""positive"", ""negative"" or ""neutral"" as one word."
98,98,37,98,Nice decor - but the place is so crowded and noisy you can't enjoy it.,decor,positive,0,"Input: ""The decor is not special at all but their food and amazing prices make up for it.""
Term: decor
Output: negative
",3,"Input: ""when tables opened up, the manager sat another party before us.""
Term: tables
Output: neutral
",9,"Input: ""service is good although a bit in your face, we were asked every five mins if food was ok, but better that than being ignored.""
Term: service
Output: positive
",positive,prompt_single_term_fewshot,"Example 1:
Input: ""The decor is not special at all but their food and amazing prices make up for it.""
Term: decor
Output: negative


Example 2:
Input: ""when tables opened up, the manager sat another party before us.""
Term: tables
Output: neutral


Example 3
Input: ""service is good although a bit in your face, we were asked every five mins if food was ok, but better that than being ignored.""
Term: service
Output: positive

    
Task:
Input: Nice decor - but the place is so crowded and noisy you can't enjoy it.
Prompt: What is the sentiment in the text towards 'decor'? Only respond with ""positive"", ""negative"" or ""neutral"" as one word."
99,99,37,99,Nice decor - but the place is so crowded and noisy you can't enjoy it.,place,negative,0,"Input: ""The decor is not special at all but their food and amazing prices make up for it.""
Term: decor
Output: negative
",3,"Input: ""when tables opened up, the manager sat another party before us.""
Term: tables
Output: neutral
",9,"Input: ""service is good although a bit in your face, we were asked every five mins if food was ok, but better that than being ignored.""
Term: service
Output: positive
",negative,prompt_single_term_fewshot,"Example 1:
Input: ""The decor is not special at all but their food and amazing prices make up for it.""
Term: decor
Output: negative


Example 2:
Input: ""when tables opened up, the manager sat another party before us.""
Term: tables
Output: neutral


Example 3
Input: ""service is good although a bit in your face, we were asked every five mins if food was ok, but better that than being ignored.""
Term: service
Output: positive

    
Task:
Input: Nice decor - but the place is so crowded and noisy you can't enjoy it.
Prompt: What is the sentiment in the text towards 'place'? Only respond with ""positive"", ""negative"" or ""neutral"" as one word."
100,100,38,100,"So inexcpensive that you'd wonder about the sanity of the owners, if they weren't such good cooks.",owners,neutral,0,"Input: ""The decor is not special at all but their food and amazing prices make up for it.""
Term: decor
Output: negative
",3,"Input: ""when tables opened up, the manager sat another party before us.""
Term: tables
Output: neutral
",9,"Input: ""service is good although a bit in your face, we were asked every five mins if food was ok, but better that than being ignored.""
Term: service
Output: positive
",positive,prompt_single_term_fewshot,"Example 1:
Input: ""The decor is not special at all but their food and amazing prices make up for it.""
Term: decor
Output: negative


Example 2:
Input: ""when tables opened up, the manager sat another party before us.""
Term: tables
Output: neutral


Example 3
Input: ""service is good although a bit in your face, we were asked every five mins if food was ok, but better that than being ignored.""
Term: service
Output: positive

    
Task:
Input: So inexcpensive that you'd wonder about the sanity of the owners, if they weren't such good cooks.
Prompt: What is the sentiment in the text towards 'owners'? Only respond with ""positive"", ""negative"" or ""neutral"" as one word."
101,101,38,101,"So inexcpensive that you'd wonder about the sanity of the owners, if they weren't such good cooks.",cooks,positive,0,"Input: ""The decor is not special at all but their food and amazing prices make up for it.""
Term: decor
Output: negative
",3,"Input: ""when tables opened up, the manager sat another party before us.""
Term: tables
Output: neutral
",9,"Input: ""service is good although a bit in your face, we were asked every five mins if food was ok, but better that than being ignored.""
Term: service
Output: positive
",positive,prompt_single_term_fewshot,"Example 1:
Input: ""The decor is not special at all but their food and amazing prices make up for it.""
Term: decor
Output: negative


Example 2:
Input: ""when tables opened up, the manager sat another party before us.""
Term: tables
Output: neutral


Example 3
Input: ""service is good although a bit in your face, we were asked every five mins if food was ok, but better that than being ignored.""
Term: service
Output: positive

    
Task:
Input: So inexcpensive that you'd wonder about the sanity of the owners, if they weren't such good cooks.
Prompt: What is the sentiment in the text towards 'cooks'? Only respond with ""positive"", ""negative"" or ""neutral"" as one word."
102,102,39,102,We sat at the bar and were constantly bumped by the waitress flying past; had fabulously fresh raw oysters with pieces of shell in every bite; lobsters rolls were tasty but the large pieces of meat were tough; the apple crumble was excellent but the ice cream was over-frozen and the stench of frying oil was nearly unbearable.,bar,neutral,0,"Input: ""The decor is not special at all but their food and amazing prices make up for it.""
Term: decor
Output: negative
",3,"Input: ""when tables opened up, the manager sat another party before us.""
Term: tables
Output: neutral
",9,"Input: ""service is good although a bit in your face, we were asked every five mins if food was ok, but better that than being ignored.""
Term: service
Output: positive
",negative,prompt_single_term_fewshot,"Example 1:
Input: ""The decor is not special at all but their food and amazing prices make up for it.""
Term: decor
Output: negative


Example 2:
Input: ""when tables opened up, the manager sat another party before us.""
Term: tables
Output: neutral


Example 3
Input: ""service is good although a bit in your face, we were asked every five mins if food was ok, but better that than being ignored.""
Term: service
Output: positive

    
Task:
Input: We sat at the bar and were constantly bumped by the waitress flying past; had fabulously fresh raw oysters with pieces of shell in every bite; lobsters rolls were tasty but the large pieces of meat were tough; the apple crumble was excellent but the ice cream was over-frozen and the stench of frying oil was nearly unbearable.
Prompt: What is the sentiment in the text towards 'bar'? Only respond with ""positive"", ""negative"" or ""neutral"" as one word."
103,103,39,103,We sat at the bar and were constantly bumped by the waitress flying past; had fabulously fresh raw oysters with pieces of shell in every bite; lobsters rolls were tasty but the large pieces of meat were tough; the apple crumble was excellent but the ice cream was over-frozen and the stench of frying oil was nearly unbearable.,waitress,negative,0,"Input: ""The decor is not special at all but their food and amazing prices make up for it.""
Term: decor
Output: negative
",3,"Input: ""when tables opened up, the manager sat another party before us.""
Term: tables
Output: neutral
",9,"Input: ""service is good although a bit in your face, we were asked every five mins if food was ok, but better that than being ignored.""
Term: service
Output: positive
",negative,prompt_single_term_fewshot,"Example 1:
Input: ""The decor is not special at all but their food and amazing prices make up for it.""
Term: decor
Output: negative


Example 2:
Input: ""when tables opened up, the manager sat another party before us.""
Term: tables
Output: neutral


Example 3
Input: ""service is good although a bit in your face, we were asked every five mins if food was ok, but better that than being ignored.""
Term: service
Output: positive

    
Task:
Input: We sat at the bar and were constantly bumped by the waitress flying past; had fabulously fresh raw oysters with pieces of shell in every bite; lobsters rolls were tasty but the large pieces of meat were tough; the apple crumble was excellent but the ice cream was over-frozen and the stench of frying oil was nearly unbearable.
Prompt: What is the sentiment in the text towards 'waitress'? Only respond with ""positive"", ""negative"" or ""neutral"" as one word."
104,104,39,104,We sat at the bar and were constantly bumped by the waitress flying past; had fabulously fresh raw oysters with pieces of shell in every bite; lobsters rolls were tasty but the large pieces of meat were tough; the apple crumble was excellent but the ice cream was over-frozen and the stench of frying oil was nearly unbearable.,rolls,positive,0,"Input: ""The decor is not special at all but their food and amazing prices make up for it.""
Term: decor
Output: negative
",3,"Input: ""when tables opened up, the manager sat another party before us.""
Term: tables
Output: neutral
",9,"Input: ""service is good although a bit in your face, we were asked every five mins if food was ok, but better that than being ignored.""
Term: service
Output: positive
",positive,prompt_single_term_fewshot,"Example 1:
Input: ""The decor is not special at all but their food and amazing prices make up for it.""
Term: decor
Output: negative


Example 2:
Input: ""when tables opened up, the manager sat another party before us.""
Term: tables
Output: neutral


Example 3
Input: ""service is good although a bit in your face, we were asked every five mins if food was ok, but better that than being ignored.""
Term: service
Output: positive

    
Task:
Input: We sat at the bar and were constantly bumped by the waitress flying past; had fabulously fresh raw oysters with pieces of shell in every bite; lobsters rolls were tasty but the large pieces of meat were tough; the apple crumble was excellent but the ice cream was over-frozen and the stench of frying oil was nearly unbearable.
Prompt: What is the sentiment in the text towards 'rolls'? Only respond with ""positive"", ""negative"" or ""neutral"" as one word."
105,105,39,105,We sat at the bar and were constantly bumped by the waitress flying past; had fabulously fresh raw oysters with pieces of shell in every bite; lobsters rolls were tasty but the large pieces of meat were tough; the apple crumble was excellent but the ice cream was over-frozen and the stench of frying oil was nearly unbearable.,ice cream,negative,0,"Input: ""The decor is not special at all but their food and amazing prices make up for it.""
Term: decor
Output: negative
",3,"Input: ""when tables opened up, the manager sat another party before us.""
Term: tables
Output: neutral
",9,"Input: ""service is good although a bit in your face, we were asked every five mins if food was ok, but better that than being ignored.""
Term: service
Output: positive
",negative,prompt_single_term_fewshot,"Example 1:
Input: ""The decor is not special at all but their food and amazing prices make up for it.""
Term: decor
Output: negative


Example 2:
Input: ""when tables opened up, the manager sat another party before us.""
Term: tables
Output: neutral


Example 3
Input: ""service is good although a bit in your face, we were asked every five mins if food was ok, but better that than being ignored.""
Term: service
Output: positive

    
Task:
Input: We sat at the bar and were constantly bumped by the waitress flying past; had fabulously fresh raw oysters with pieces of shell in every bite; lobsters rolls were tasty but the large pieces of meat were tough; the apple crumble was excellent but the ice cream was over-frozen and the stench of frying oil was nearly unbearable.
Prompt: What is the sentiment in the text towards 'ice cream'? Only respond with ""positive"", ""negative"" or ""neutral"" as one word."
106,106,40,106,"The place was so dark, I needed the table candle to read the menu and could not properly see what I was eating.",place,negative,0,"Input: ""The decor is not special at all but their food and amazing prices make up for it.""
Term: decor
Output: negative
",3,"Input: ""when tables opened up, the manager sat another party before us.""
Term: tables
Output: neutral
",9,"Input: ""service is good although a bit in your face, we were asked every five mins if food was ok, but better that than being ignored.""
Term: service
Output: positive
",negative,prompt_single_term_fewshot,"Example 1:
Input: ""The decor is not special at all but their food and amazing prices make up for it.""
Term: decor
Output: negative


Example 2:
Input: ""when tables opened up, the manager sat another party before us.""
Term: tables
Output: neutral


Example 3
Input: ""service is good although a bit in your face, we were asked every five mins if food was ok, but better that than being ignored.""
Term: service
Output: positive

    
Task:
Input: The place was so dark, I needed the table candle to read the menu and could not properly see what I was eating.
Prompt: What is the sentiment in the text towards 'place'? Only respond with ""positive"", ""negative"" or ""neutral"" as one word."
107,107,40,107,"The place was so dark, I needed the table candle to read the menu and could not properly see what I was eating.",table,neutral,0,"Input: ""The decor is not special at all but their food and amazing prices make up for it.""
Term: decor
Output: negative
",3,"Input: ""when tables opened up, the manager sat another party before us.""
Term: tables
Output: neutral
",9,"Input: ""service is good although a bit in your face, we were asked every five mins if food was ok, but better that than being ignored.""
Term: service
Output: positive
",negative,prompt_single_term_fewshot,"Example 1:
Input: ""The decor is not special at all but their food and amazing prices make up for it.""
Term: decor
Output: negative


Example 2:
Input: ""when tables opened up, the manager sat another party before us.""
Term: tables
Output: neutral


Example 3
Input: ""service is good although a bit in your face, we were asked every five mins if food was ok, but better that than being ignored.""
Term: service
Output: positive

    
Task:
Input: The place was so dark, I needed the table candle to read the menu and could not properly see what I was eating.
Prompt: What is the sentiment in the text towards 'table'? Only respond with ""positive"", ""negative"" or ""neutral"" as one word."
108,108,40,108,"The place was so dark, I needed the table candle to read the menu and could not properly see what I was eating.",menu,neutral,0,"Input: ""The decor is not special at all but their food and amazing prices make up for it.""
Term: decor
Output: negative
",3,"Input: ""when tables opened up, the manager sat another party before us.""
Term: tables
Output: neutral
",9,"Input: ""service is good although a bit in your face, we were asked every five mins if food was ok, but better that than being ignored.""
Term: service
Output: positive
",negative,prompt_single_term_fewshot,"Example 1:
Input: ""The decor is not special at all but their food and amazing prices make up for it.""
Term: decor
Output: negative


Example 2:
Input: ""when tables opened up, the manager sat another party before us.""
Term: tables
Output: neutral


Example 3
Input: ""service is good although a bit in your face, we were asked every five mins if food was ok, but better that than being ignored.""
Term: service
Output: positive

    
Task:
Input: The place was so dark, I needed the table candle to read the menu and could not properly see what I was eating.
Prompt: What is the sentiment in the text towards 'menu'? Only respond with ""positive"", ""negative"" or ""neutral"" as one word."
109,109,41,109,"The Scene You won't blink twice at the restaurant's spartan decor: As the packed crowds and critics' praises wallpapering the front wall agree, this longtime local favorite is truly one of the area's most exquisite finds.",Scene,neutral,0,"Input: ""The decor is not special at all but their food and amazing prices make up for it.""
Term: decor
Output: negative
",3,"Input: ""when tables opened up, the manager sat another party before us.""
Term: tables
Output: neutral
",9,"Input: ""service is good although a bit in your face, we were asked every five mins if food was ok, but better that than being ignored.""
Term: service
Output: positive
",positive,prompt_single_term_fewshot,"Example 1:
Input: ""The decor is not special at all but their food and amazing prices make up for it.""
Term: decor
Output: negative


Example 2:
Input: ""when tables opened up, the manager sat another party before us.""
Term: tables
Output: neutral


Example 3
Input: ""service is good although a bit in your face, we were asked every five mins if food was ok, but better that than being ignored.""
Term: service
Output: positive

    
Task:
Input: The Scene You won't blink twice at the restaurant's spartan decor: As the packed crowds and critics' praises wallpapering the front wall agree, this longtime local favorite is truly one of the area's most exquisite finds.
Prompt: What is the sentiment in the text towards 'Scene'? Only respond with ""positive"", ""negative"" or ""neutral"" as one word."
110,110,41,110,"The Scene You won't blink twice at the restaurant's spartan decor: As the packed crowds and critics' praises wallpapering the front wall agree, this longtime local favorite is truly one of the area's most exquisite finds.",decor,positive,0,"Input: ""The decor is not special at all but their food and amazing prices make up for it.""
Term: decor
Output: negative
",3,"Input: ""when tables opened up, the manager sat another party before us.""
Term: tables
Output: neutral
",9,"Input: ""service is good although a bit in your face, we were asked every five mins if food was ok, but better that than being ignored.""
Term: service
Output: positive
",neutral,prompt_single_term_fewshot,"Example 1:
Input: ""The decor is not special at all but their food and amazing prices make up for it.""
Term: decor
Output: negative


Example 2:
Input: ""when tables opened up, the manager sat another party before us.""
Term: tables
Output: neutral


Example 3
Input: ""service is good although a bit in your face, we were asked every five mins if food was ok, but better that than being ignored.""
Term: service
Output: positive

    
Task:
Input: The Scene You won't blink twice at the restaurant's spartan decor: As the packed crowds and critics' praises wallpapering the front wall agree, this longtime local favorite is truly one of the area's most exquisite finds.
Prompt: What is the sentiment in the text towards 'decor'? Only respond with ""positive"", ""negative"" or ""neutral"" as one word."
111,111,42,111,"the waitress came to ask me how my NY Strip was, and I could not give her an answer b/c no one gave me a steak knife.",waitress,negative,0,"Input: ""The decor is not special at all but their food and amazing prices make up for it.""
Term: decor
Output: negative
",3,"Input: ""when tables opened up, the manager sat another party before us.""
Term: tables
Output: neutral
",9,"Input: ""service is good although a bit in your face, we were asked every five mins if food was ok, but better that than being ignored.""
Term: service
Output: positive
",negative,prompt_single_term_fewshot,"Example 1:
Input: ""The decor is not special at all but their food and amazing prices make up for it.""
Term: decor
Output: negative


Example 2:
Input: ""when tables opened up, the manager sat another party before us.""
Term: tables
Output: neutral


Example 3
Input: ""service is good although a bit in your face, we were asked every five mins if food was ok, but better that than being ignored.""
Term: service
Output: positive

    
Task:
Input: the waitress came to ask me how my NY Strip was, and I could not give her an answer b/c no one gave me a steak knife.
Prompt: What is the sentiment in the text towards 'waitress'? Only respond with ""positive"", ""negative"" or ""neutral"" as one word."
112,112,42,112,"the waitress came to ask me how my NY Strip was, and I could not give her an answer b/c no one gave me a steak knife.",steak knife,neutral,0,"Input: ""The decor is not special at all but their food and amazing prices make up for it.""
Term: decor
Output: negative
",3,"Input: ""when tables opened up, the manager sat another party before us.""
Term: tables
Output: neutral
",9,"Input: ""service is good although a bit in your face, we were asked every five mins if food was ok, but better that than being ignored.""
Term: service
Output: positive
",negative,prompt_single_term_fewshot,"Example 1:
Input: ""The decor is not special at all but their food and amazing prices make up for it.""
Term: decor
Output: negative


Example 2:
Input: ""when tables opened up, the manager sat another party before us.""
Term: tables
Output: neutral


Example 3
Input: ""service is good although a bit in your face, we were asked every five mins if food was ok, but better that than being ignored.""
Term: service
Output: positive

    
Task:
Input: the waitress came to ask me how my NY Strip was, and I could not give her an answer b/c no one gave me a steak knife.
Prompt: What is the sentiment in the text towards 'steak knife'? Only respond with ""positive"", ""negative"" or ""neutral"" as one word."
113,113,43,113,The staff was courteous and explained the menu with detail.,staff,positive,0,"Input: ""The decor is not special at all but their food and amazing prices make up for it.""
Term: decor
Output: negative
",3,"Input: ""when tables opened up, the manager sat another party before us.""
Term: tables
Output: neutral
",9,"Input: ""service is good although a bit in your face, we were asked every five mins if food was ok, but better that than being ignored.""
Term: service
Output: positive
",positive,prompt_single_term_fewshot,"Example 1:
Input: ""The decor is not special at all but their food and amazing prices make up for it.""
Term: decor
Output: negative


Example 2:
Input: ""when tables opened up, the manager sat another party before us.""
Term: tables
Output: neutral


Example 3
Input: ""service is good although a bit in your face, we were asked every five mins if food was ok, but better that than being ignored.""
Term: service
Output: positive

    
Task:
Input: The staff was courteous and explained the menu with detail.
Prompt: What is the sentiment in the text towards 'staff'? Only respond with ""positive"", ""negative"" or ""neutral"" as one word."
114,114,43,114,The staff was courteous and explained the menu with detail.,detail,neutral,0,"Input: ""The decor is not special at all but their food and amazing prices make up for it.""
Term: decor
Output: negative
",3,"Input: ""when tables opened up, the manager sat another party before us.""
Term: tables
Output: neutral
",9,"Input: ""service is good although a bit in your face, we were asked every five mins if food was ok, but better that than being ignored.""
Term: service
Output: positive
",positive,prompt_single_term_fewshot,"Example 1:
Input: ""The decor is not special at all but their food and amazing prices make up for it.""
Term: decor
Output: negative


Example 2:
Input: ""when tables opened up, the manager sat another party before us.""
Term: tables
Output: neutral


Example 3
Input: ""service is good although a bit in your face, we were asked every five mins if food was ok, but better that than being ignored.""
Term: service
Output: positive

    
Task:
Input: The staff was courteous and explained the menu with detail.
Prompt: What is the sentiment in the text towards 'detail'? Only respond with ""positive"", ""negative"" or ""neutral"" as one word."
115,115,44,115,"We politely asked our server for the regular menu, but were told that for large parties they could only offer us the banquet menu (would have gone elsewhere had we known).",server,negative,0,"Input: ""The decor is not special at all but their food and amazing prices make up for it.""
Term: decor
Output: negative
",3,"Input: ""when tables opened up, the manager sat another party before us.""
Term: tables
Output: neutral
",9,"Input: ""service is good although a bit in your face, we were asked every five mins if food was ok, but better that than being ignored.""
Term: service
Output: positive
",negative,prompt_single_term_fewshot,"Example 1:
Input: ""The decor is not special at all but their food and amazing prices make up for it.""
Term: decor
Output: negative


Example 2:
Input: ""when tables opened up, the manager sat another party before us.""
Term: tables
Output: neutral


Example 3
Input: ""service is good although a bit in your face, we were asked every five mins if food was ok, but better that than being ignored.""
Term: service
Output: positive

    
Task:
Input: We politely asked our server for the regular menu, but were told that for large parties they could only offer us the banquet menu (would have gone elsewhere had we known).
Prompt: What is the sentiment in the text towards 'server'? Only respond with ""positive"", ""negative"" or ""neutral"" as one word."
116,116,44,116,"We politely asked our server for the regular menu, but were told that for large parties they could only offer us the banquet menu (would have gone elsewhere had we known).",banquet menu,neutral,0,"Input: ""The decor is not special at all but their food and amazing prices make up for it.""
Term: decor
Output: negative
",3,"Input: ""when tables opened up, the manager sat another party before us.""
Term: tables
Output: neutral
",9,"Input: ""service is good although a bit in your face, we were asked every five mins if food was ok, but better that than being ignored.""
Term: service
Output: positive
",negative,prompt_single_term_fewshot,"Example 1:
Input: ""The decor is not special at all but their food and amazing prices make up for it.""
Term: decor
Output: negative


Example 2:
Input: ""when tables opened up, the manager sat another party before us.""
Term: tables
Output: neutral


Example 3
Input: ""service is good although a bit in your face, we were asked every five mins if food was ok, but better that than being ignored.""
Term: service
Output: positive

    
Task:
Input: We politely asked our server for the regular menu, but were told that for large parties they could only offer us the banquet menu (would have gone elsewhere had we known).
Prompt: What is the sentiment in the text towards 'banquet menu'? Only respond with ""positive"", ""negative"" or ""neutral"" as one word."
117,117,45,117,"While the service and setting were average, the food was excellent.",service,negative,0,"Input: ""The decor is not special at all but their food and amazing prices make up for it.""
Term: decor
Output: negative
",3,"Input: ""when tables opened up, the manager sat another party before us.""
Term: tables
Output: neutral
",9,"Input: ""service is good although a bit in your face, we were asked every five mins if food was ok, but better that than being ignored.""
Term: service
Output: positive
",neutral,prompt_single_term_fewshot,"Example 1:
Input: ""The decor is not special at all but their food and amazing prices make up for it.""
Term: decor
Output: negative


Example 2:
Input: ""when tables opened up, the manager sat another party before us.""
Term: tables
Output: neutral


Example 3
Input: ""service is good although a bit in your face, we were asked every five mins if food was ok, but better that than being ignored.""
Term: service
Output: positive

    
Task:
Input: While the service and setting were average, the food was excellent.
Prompt: What is the sentiment in the text towards 'service'? Only respond with ""positive"", ""negative"" or ""neutral"" as one word."
118,118,45,118,"While the service and setting were average, the food was excellent.",setting,negative,0,"Input: ""The decor is not special at all but their food and amazing prices make up for it.""
Term: decor
Output: negative
",3,"Input: ""when tables opened up, the manager sat another party before us.""
Term: tables
Output: neutral
",9,"Input: ""service is good although a bit in your face, we were asked every five mins if food was ok, but better that than being ignored.""
Term: service
Output: positive
",negative,prompt_single_term_fewshot,"Example 1:
Input: ""The decor is not special at all but their food and amazing prices make up for it.""
Term: decor
Output: negative


Example 2:
Input: ""when tables opened up, the manager sat another party before us.""
Term: tables
Output: neutral


Example 3
Input: ""service is good although a bit in your face, we were asked every five mins if food was ok, but better that than being ignored.""
Term: service
Output: positive

    
Task:
Input: While the service and setting were average, the food was excellent.
Prompt: What is the sentiment in the text towards 'setting'? Only respond with ""positive"", ""negative"" or ""neutral"" as one word."
119,119,45,119,"While the service and setting were average, the food was excellent.",food,positive,0,"Input: ""The decor is not special at all but their food and amazing prices make up for it.""
Term: decor
Output: negative
",3,"Input: ""when tables opened up, the manager sat another party before us.""
Term: tables
Output: neutral
",9,"Input: ""service is good although a bit in your face, we were asked every five mins if food was ok, but better that than being ignored.""
Term: service
Output: positive
",positive,prompt_single_term_fewshot,"Example 1:
Input: ""The decor is not special at all but their food and amazing prices make up for it.""
Term: decor
Output: negative


Example 2:
Input: ""when tables opened up, the manager sat another party before us.""
Term: tables
Output: neutral


Example 3
Input: ""service is good although a bit in your face, we were asked every five mins if food was ok, but better that than being ignored.""
Term: service
Output: positive

    
Task:
Input: While the service and setting were average, the food was excellent.
Prompt: What is the sentiment in the text towards 'food'? Only respond with ""positive"", ""negative"" or ""neutral"" as one word."
120,120,46,120,"It took 1 1/4 hours to get our appetizers (how long does salad take) and when we complained to the manager, he barely listened.",appetizers,neutral,0,"Input: ""The decor is not special at all but their food and amazing prices make up for it.""
Term: decor
Output: negative
",3,"Input: ""when tables opened up, the manager sat another party before us.""
Term: tables
Output: neutral
",9,"Input: ""service is good although a bit in your face, we were asked every five mins if food was ok, but better that than being ignored.""
Term: service
Output: positive
",negative,prompt_single_term_fewshot,"Example 1:
Input: ""The decor is not special at all but their food and amazing prices make up for it.""
Term: decor
Output: negative


Example 2:
Input: ""when tables opened up, the manager sat another party before us.""
Term: tables
Output: neutral


Example 3
Input: ""service is good although a bit in your face, we were asked every five mins if food was ok, but better that than being ignored.""
Term: service
Output: positive

    
Task:
Input: It took 1 1/4 hours to get our appetizers (how long does salad take) and when we complained to the manager, he barely listened.
Prompt: What is the sentiment in the text towards 'appetizers'? Only respond with ""positive"", ""negative"" or ""neutral"" as one word."
121,121,46,121,"It took 1 1/4 hours to get our appetizers (how long does salad take) and when we complained to the manager, he barely listened.",salad,neutral,0,"Input: ""The decor is not special at all but their food and amazing prices make up for it.""
Term: decor
Output: negative
",3,"Input: ""when tables opened up, the manager sat another party before us.""
Term: tables
Output: neutral
",9,"Input: ""service is good although a bit in your face, we were asked every five mins if food was ok, but better that than being ignored.""
Term: service
Output: positive
",negative,prompt_single_term_fewshot,"Example 1:
Input: ""The decor is not special at all but their food and amazing prices make up for it.""
Term: decor
Output: negative


Example 2:
Input: ""when tables opened up, the manager sat another party before us.""
Term: tables
Output: neutral


Example 3
Input: ""service is good although a bit in your face, we were asked every five mins if food was ok, but better that than being ignored.""
Term: service
Output: positive

    
Task:
Input: It took 1 1/4 hours to get our appetizers (how long does salad take) and when we complained to the manager, he barely listened.
Prompt: What is the sentiment in the text towards 'salad'? Only respond with ""positive"", ""negative"" or ""neutral"" as one word."
122,122,46,122,"It took 1 1/4 hours to get our appetizers (how long does salad take) and when we complained to the manager, he barely listened.",manager,negative,0,"Input: ""The decor is not special at all but their food and amazing prices make up for it.""
Term: decor
Output: negative
",3,"Input: ""when tables opened up, the manager sat another party before us.""
Term: tables
Output: neutral
",9,"Input: ""service is good although a bit in your face, we were asked every five mins if food was ok, but better that than being ignored.""
Term: service
Output: positive
",negative,prompt_single_term_fewshot,"Example 1:
Input: ""The decor is not special at all but their food and amazing prices make up for it.""
Term: decor
Output: negative


Example 2:
Input: ""when tables opened up, the manager sat another party before us.""
Term: tables
Output: neutral


Example 3
Input: ""service is good although a bit in your face, we were asked every five mins if food was ok, but better that than being ignored.""
Term: service
Output: positive

    
Task:
Input: It took 1 1/4 hours to get our appetizers (how long does salad take) and when we complained to the manager, he barely listened.
Prompt: What is the sentiment in the text towards 'manager'? Only respond with ""positive"", ""negative"" or ""neutral"" as one word."
123,123,47,123,"Not including the tip for our server, who we saw twice in an hour?",tip,neutral,0,"Input: ""The decor is not special at all but their food and amazing prices make up for it.""
Term: decor
Output: negative
",3,"Input: ""when tables opened up, the manager sat another party before us.""
Term: tables
Output: neutral
",9,"Input: ""service is good although a bit in your face, we were asked every five mins if food was ok, but better that than being ignored.""
Term: service
Output: positive
",negative,prompt_single_term_fewshot,"Example 1:
Input: ""The decor is not special at all but their food and amazing prices make up for it.""
Term: decor
Output: negative


Example 2:
Input: ""when tables opened up, the manager sat another party before us.""
Term: tables
Output: neutral


Example 3
Input: ""service is good although a bit in your face, we were asked every five mins if food was ok, but better that than being ignored.""
Term: service
Output: positive

    
Task:
Input: Not including the tip for our server, who we saw twice in an hour?
Prompt: What is the sentiment in the text towards 'tip'? Only respond with ""positive"", ""negative"" or ""neutral"" as one word."
124,124,47,124,"Not including the tip for our server, who we saw twice in an hour?",server,negative,0,"Input: ""The decor is not special at all but their food and amazing prices make up for it.""
Term: decor
Output: negative
",3,"Input: ""when tables opened up, the manager sat another party before us.""
Term: tables
Output: neutral
",9,"Input: ""service is good although a bit in your face, we were asked every five mins if food was ok, but better that than being ignored.""
Term: service
Output: positive
",negative,prompt_single_term_fewshot,"Example 1:
Input: ""The decor is not special at all but their food and amazing prices make up for it.""
Term: decor
Output: negative


Example 2:
Input: ""when tables opened up, the manager sat another party before us.""
Term: tables
Output: neutral


Example 3
Input: ""service is good although a bit in your face, we were asked every five mins if food was ok, but better that than being ignored.""
Term: service
Output: positive

    
Task:
Input: Not including the tip for our server, who we saw twice in an hour?
Prompt: What is the sentiment in the text towards 'server'? Only respond with ""positive"", ""negative"" or ""neutral"" as one word."
125,125,48,125,"The ravioli was the better of the two, but the serving was tiny, and the skin a bit rubbery.",ravioli,positive,0,"Input: ""The decor is not special at all but their food and amazing prices make up for it.""
Term: decor
Output: negative
",3,"Input: ""when tables opened up, the manager sat another party before us.""
Term: tables
Output: neutral
",9,"Input: ""service is good although a bit in your face, we were asked every five mins if food was ok, but better that than being ignored.""
Term: service
Output: positive
",negative,prompt_single_term_fewshot,"Example 1:
Input: ""The decor is not special at all but their food and amazing prices make up for it.""
Term: decor
Output: negative


Example 2:
Input: ""when tables opened up, the manager sat another party before us.""
Term: tables
Output: neutral


Example 3
Input: ""service is good although a bit in your face, we were asked every five mins if food was ok, but better that than being ignored.""
Term: service
Output: positive

    
Task:
Input: The ravioli was the better of the two, but the serving was tiny, and the skin a bit rubbery.
Prompt: What is the sentiment in the text towards 'ravioli'? Only respond with ""positive"", ""negative"" or ""neutral"" as one word."
126,126,48,126,"The ravioli was the better of the two, but the serving was tiny, and the skin a bit rubbery.",serving,negative,0,"Input: ""The decor is not special at all but their food and amazing prices make up for it.""
Term: decor
Output: negative
",3,"Input: ""when tables opened up, the manager sat another party before us.""
Term: tables
Output: neutral
",9,"Input: ""service is good although a bit in your face, we were asked every five mins if food was ok, but better that than being ignored.""
Term: service
Output: positive
",negative,prompt_single_term_fewshot,"Example 1:
Input: ""The decor is not special at all but their food and amazing prices make up for it.""
Term: decor
Output: negative


Example 2:
Input: ""when tables opened up, the manager sat another party before us.""
Term: tables
Output: neutral


Example 3
Input: ""service is good although a bit in your face, we were asked every five mins if food was ok, but better that than being ignored.""
Term: service
Output: positive

    
Task:
Input: The ravioli was the better of the two, but the serving was tiny, and the skin a bit rubbery.
Prompt: What is the sentiment in the text towards 'serving'? Only respond with ""positive"", ""negative"" or ""neutral"" as one word."
127,127,49,127,"we live down the street and have eaten here many times for lunch and dinner, and the food is consistently terrific.",lunch,neutral,0,"Input: ""The decor is not special at all but their food and amazing prices make up for it.""
Term: decor
Output: negative
",3,"Input: ""when tables opened up, the manager sat another party before us.""
Term: tables
Output: neutral
",9,"Input: ""service is good although a bit in your face, we were asked every five mins if food was ok, but better that than being ignored.""
Term: service
Output: positive
",positive,prompt_single_term_fewshot,"Example 1:
Input: ""The decor is not special at all but their food and amazing prices make up for it.""
Term: decor
Output: negative


Example 2:
Input: ""when tables opened up, the manager sat another party before us.""
Term: tables
Output: neutral


Example 3
Input: ""service is good although a bit in your face, we were asked every five mins if food was ok, but better that than being ignored.""
Term: service
Output: positive

    
Task:
Input: we live down the street and have eaten here many times for lunch and dinner, and the food is consistently terrific.
Prompt: What is the sentiment in the text towards 'lunch'? Only respond with ""positive"", ""negative"" or ""neutral"" as one word."
128,128,49,128,"we live down the street and have eaten here many times for lunch and dinner, and the food is consistently terrific.",dinner,neutral,0,"Input: ""The decor is not special at all but their food and amazing prices make up for it.""
Term: decor
Output: negative
",3,"Input: ""when tables opened up, the manager sat another party before us.""
Term: tables
Output: neutral
",9,"Input: ""service is good although a bit in your face, we were asked every five mins if food was ok, but better that than being ignored.""
Term: service
Output: positive
",positive,prompt_single_term_fewshot,"Example 1:
Input: ""The decor is not special at all but their food and amazing prices make up for it.""
Term: decor
Output: negative


Example 2:
Input: ""when tables opened up, the manager sat another party before us.""
Term: tables
Output: neutral


Example 3
Input: ""service is good although a bit in your face, we were asked every five mins if food was ok, but better that than being ignored.""
Term: service
Output: positive

    
Task:
Input: we live down the street and have eaten here many times for lunch and dinner, and the food is consistently terrific.
Prompt: What is the sentiment in the text towards 'dinner'? Only respond with ""positive"", ""negative"" or ""neutral"" as one word."
129,129,49,129,"we live down the street and have eaten here many times for lunch and dinner, and the food is consistently terrific.",food,positive,0,"Input: ""The decor is not special at all but their food and amazing prices make up for it.""
Term: decor
Output: negative
",3,"Input: ""when tables opened up, the manager sat another party before us.""
Term: tables
Output: neutral
",9,"Input: ""service is good although a bit in your face, we were asked every five mins if food was ok, but better that than being ignored.""
Term: service
Output: positive
",positive,prompt_single_term_fewshot,"Example 1:
Input: ""The decor is not special at all but their food and amazing prices make up for it.""
Term: decor
Output: negative


Example 2:
Input: ""when tables opened up, the manager sat another party before us.""
Term: tables
Output: neutral


Example 3
Input: ""service is good although a bit in your face, we were asked every five mins if food was ok, but better that than being ignored.""
Term: service
Output: positive

    
Task:
Input: we live down the street and have eaten here many times for lunch and dinner, and the food is consistently terrific.
Prompt: What is the sentiment in the text towards 'food'? Only respond with ""positive"", ""negative"" or ""neutral"" as one word."
130,130,50,130,"Next, follow up with another Cosmo and try the chicken fingers (not your lil brothers), Hawaiian rib eye, filet mignon, or trusty burger.",chicken,neutral,0,"Input: ""The decor is not special at all but their food and amazing prices make up for it.""
Term: decor
Output: negative
",3,"Input: ""when tables opened up, the manager sat another party before us.""
Term: tables
Output: neutral
",9,"Input: ""service is good although a bit in your face, we were asked every five mins if food was ok, but better that than being ignored.""
Term: service
Output: positive
",positive,prompt_single_term_fewshot,"Example 1:
Input: ""The decor is not special at all but their food and amazing prices make up for it.""
Term: decor
Output: negative


Example 2:
Input: ""when tables opened up, the manager sat another party before us.""
Term: tables
Output: neutral


Example 3
Input: ""service is good although a bit in your face, we were asked every five mins if food was ok, but better that than being ignored.""
Term: service
Output: positive

    
Task:
Input: Next, follow up with another Cosmo and try the chicken fingers (not your lil brothers), Hawaiian rib eye, filet mignon, or trusty burger.
Prompt: What is the sentiment in the text towards 'chicken'? Only respond with ""positive"", ""negative"" or ""neutral"" as one word."
131,131,50,131,"Next, follow up with another Cosmo and try the chicken fingers (not your lil brothers), Hawaiian rib eye, filet mignon, or trusty burger.",Hawaiian rib,neutral,0,"Input: ""The decor is not special at all but their food and amazing prices make up for it.""
Term: decor
Output: negative
",3,"Input: ""when tables opened up, the manager sat another party before us.""
Term: tables
Output: neutral
",9,"Input: ""service is good although a bit in your face, we were asked every five mins if food was ok, but better that than being ignored.""
Term: service
Output: positive
",positive,prompt_single_term_fewshot,"Example 1:
Input: ""The decor is not special at all but their food and amazing prices make up for it.""
Term: decor
Output: negative


Example 2:
Input: ""when tables opened up, the manager sat another party before us.""
Term: tables
Output: neutral


Example 3
Input: ""service is good although a bit in your face, we were asked every five mins if food was ok, but better that than being ignored.""
Term: service
Output: positive

    
Task:
Input: Next, follow up with another Cosmo and try the chicken fingers (not your lil brothers), Hawaiian rib eye, filet mignon, or trusty burger.
Prompt: What is the sentiment in the text towards 'Hawaiian rib'? Only respond with ""positive"", ""negative"" or ""neutral"" as one word."
132,132,50,132,"Next, follow up with another Cosmo and try the chicken fingers (not your lil brothers), Hawaiian rib eye, filet mignon, or trusty burger.",burger,positive,0,"Input: ""The decor is not special at all but their food and amazing prices make up for it.""
Term: decor
Output: negative
",3,"Input: ""when tables opened up, the manager sat another party before us.""
Term: tables
Output: neutral
",9,"Input: ""service is good although a bit in your face, we were asked every five mins if food was ok, but better that than being ignored.""
Term: service
Output: positive
",positive,prompt_single_term_fewshot,"Example 1:
Input: ""The decor is not special at all but their food and amazing prices make up for it.""
Term: decor
Output: negative


Example 2:
Input: ""when tables opened up, the manager sat another party before us.""
Term: tables
Output: neutral


Example 3
Input: ""service is good although a bit in your face, we were asked every five mins if food was ok, but better that than being ignored.""
Term: service
Output: positive

    
Task:
Input: Next, follow up with another Cosmo and try the chicken fingers (not your lil brothers), Hawaiian rib eye, filet mignon, or trusty burger.
Prompt: What is the sentiment in the text towards 'burger'? Only respond with ""positive"", ""negative"" or ""neutral"" as one word."
133,133,51,133,"Our waiter seemed to really care about getting us to the show on time, and made some good reccomendations on the menu for doing it.",waiter,positive,0,"Input: ""The decor is not special at all but their food and amazing prices make up for it.""
Term: decor
Output: negative
",3,"Input: ""when tables opened up, the manager sat another party before us.""
Term: tables
Output: neutral
",9,"Input: ""service is good although a bit in your face, we were asked every five mins if food was ok, but better that than being ignored.""
Term: service
Output: positive
",positive,prompt_single_term_fewshot,"Example 1:
Input: ""The decor is not special at all but their food and amazing prices make up for it.""
Term: decor
Output: negative


Example 2:
Input: ""when tables opened up, the manager sat another party before us.""
Term: tables
Output: neutral


Example 3
Input: ""service is good although a bit in your face, we were asked every five mins if food was ok, but better that than being ignored.""
Term: service
Output: positive

    
Task:
Input: Our waiter seemed to really care about getting us to the show on time, and made some good reccomendations on the menu for doing it.
Prompt: What is the sentiment in the text towards 'waiter'? Only respond with ""positive"", ""negative"" or ""neutral"" as one word."
134,134,51,134,"Our waiter seemed to really care about getting us to the show on time, and made some good reccomendations on the menu for doing it.",menu,neutral,0,"Input: ""The decor is not special at all but their food and amazing prices make up for it.""
Term: decor
Output: negative
",3,"Input: ""when tables opened up, the manager sat another party before us.""
Term: tables
Output: neutral
",9,"Input: ""service is good although a bit in your face, we were asked every five mins if food was ok, but better that than being ignored.""
Term: service
Output: positive
",positive,prompt_single_term_fewshot,"Example 1:
Input: ""The decor is not special at all but their food and amazing prices make up for it.""
Term: decor
Output: negative


Example 2:
Input: ""when tables opened up, the manager sat another party before us.""
Term: tables
Output: neutral


Example 3
Input: ""service is good although a bit in your face, we were asked every five mins if food was ok, but better that than being ignored.""
Term: service
Output: positive

    
Task:
Input: Our waiter seemed to really care about getting us to the show on time, and made some good reccomendations on the menu for doing it.
Prompt: What is the sentiment in the text towards 'menu'? Only respond with ""positive"", ""negative"" or ""neutral"" as one word."
135,135,52,135,"The service was polite, friendly and prompt, the characters walking around entertained the kids but werent intrusive to our meal.",service,positive,0,"Input: ""The decor is not special at all but their food and amazing prices make up for it.""
Term: decor
Output: negative
",3,"Input: ""when tables opened up, the manager sat another party before us.""
Term: tables
Output: neutral
",9,"Input: ""service is good although a bit in your face, we were asked every five mins if food was ok, but better that than being ignored.""
Term: service
Output: positive
",positive,prompt_single_term_fewshot,"Example 1:
Input: ""The decor is not special at all but their food and amazing prices make up for it.""
Term: decor
Output: negative


Example 2:
Input: ""when tables opened up, the manager sat another party before us.""
Term: tables
Output: neutral


Example 3
Input: ""service is good although a bit in your face, we were asked every five mins if food was ok, but better that than being ignored.""
Term: service
Output: positive

    
Task:
Input: The service was polite, friendly and prompt, the characters walking around entertained the kids but werent intrusive to our meal.
Prompt: What is the sentiment in the text towards 'service'? Only respond with ""positive"", ""negative"" or ""neutral"" as one word."
136,136,52,136,"The service was polite, friendly and prompt, the characters walking around entertained the kids but werent intrusive to our meal.",meal,neutral,0,"Input: ""The decor is not special at all but their food and amazing prices make up for it.""
Term: decor
Output: negative
",3,"Input: ""when tables opened up, the manager sat another party before us.""
Term: tables
Output: neutral
",9,"Input: ""service is good although a bit in your face, we were asked every five mins if food was ok, but better that than being ignored.""
Term: service
Output: positive
",positive,prompt_single_term_fewshot,"Example 1:
Input: ""The decor is not special at all but their food and amazing prices make up for it.""
Term: decor
Output: negative


Example 2:
Input: ""when tables opened up, the manager sat another party before us.""
Term: tables
Output: neutral


Example 3
Input: ""service is good although a bit in your face, we were asked every five mins if food was ok, but better that than being ignored.""
Term: service
Output: positive

    
Task:
Input: The service was polite, friendly and prompt, the characters walking around entertained the kids but werent intrusive to our meal.
Prompt: What is the sentiment in the text towards 'meal'? Only respond with ""positive"", ""negative"" or ""neutral"" as one word."
137,137,53,137,"However, another server kept hovering over our table, wanting to take our half-finished plates away.",server,negative,0,"Input: ""The decor is not special at all but their food and amazing prices make up for it.""
Term: decor
Output: negative
",3,"Input: ""when tables opened up, the manager sat another party before us.""
Term: tables
Output: neutral
",9,"Input: ""service is good although a bit in your face, we were asked every five mins if food was ok, but better that than being ignored.""
Term: service
Output: positive
",negative,prompt_single_term_fewshot,"Example 1:
Input: ""The decor is not special at all but their food and amazing prices make up for it.""
Term: decor
Output: negative


Example 2:
Input: ""when tables opened up, the manager sat another party before us.""
Term: tables
Output: neutral


Example 3
Input: ""service is good although a bit in your face, we were asked every five mins if food was ok, but better that than being ignored.""
Term: service
Output: positive

    
Task:
Input: However, another server kept hovering over our table, wanting to take our half-finished plates away.
Prompt: What is the sentiment in the text towards 'server'? Only respond with ""positive"", ""negative"" or ""neutral"" as one word."
138,138,53,138,"However, another server kept hovering over our table, wanting to take our half-finished plates away.",plates,neutral,0,"Input: ""The decor is not special at all but their food and amazing prices make up for it.""
Term: decor
Output: negative
",3,"Input: ""when tables opened up, the manager sat another party before us.""
Term: tables
Output: neutral
",9,"Input: ""service is good although a bit in your face, we were asked every five mins if food was ok, but better that than being ignored.""
Term: service
Output: positive
",neutral,prompt_single_term_fewshot,"Example 1:
Input: ""The decor is not special at all but their food and amazing prices make up for it.""
Term: decor
Output: negative


Example 2:
Input: ""when tables opened up, the manager sat another party before us.""
Term: tables
Output: neutral


Example 3
Input: ""service is good although a bit in your face, we were asked every five mins if food was ok, but better that than being ignored.""
Term: service
Output: positive

    
Task:
Input: However, another server kept hovering over our table, wanting to take our half-finished plates away.
Prompt: What is the sentiment in the text towards 'plates'? Only respond with ""positive"", ""negative"" or ""neutral"" as one word."
139,139,54,139,"The waitstaff are surprisingly uninformed and unintelligent, and I say this even though I liked my waiter.",waitstaff,negative,0,"Input: ""The decor is not special at all but their food and amazing prices make up for it.""
Term: decor
Output: negative
",3,"Input: ""when tables opened up, the manager sat another party before us.""
Term: tables
Output: neutral
",9,"Input: ""service is good although a bit in your face, we were asked every five mins if food was ok, but better that than being ignored.""
Term: service
Output: positive
",negative,prompt_single_term_fewshot,"Example 1:
Input: ""The decor is not special at all but their food and amazing prices make up for it.""
Term: decor
Output: negative


Example 2:
Input: ""when tables opened up, the manager sat another party before us.""
Term: tables
Output: neutral


Example 3
Input: ""service is good although a bit in your face, we were asked every five mins if food was ok, but better that than being ignored.""
Term: service
Output: positive

    
Task:
Input: The waitstaff are surprisingly uninformed and unintelligent, and I say this even though I liked my waiter.
Prompt: What is the sentiment in the text towards 'waitstaff'? Only respond with ""positive"", ""negative"" or ""neutral"" as one word."
140,140,54,140,"The waitstaff are surprisingly uninformed and unintelligent, and I say this even though I liked my waiter.",waiter,positive,0,"Input: ""The decor is not special at all but their food and amazing prices make up for it.""
Term: decor
Output: negative
",3,"Input: ""when tables opened up, the manager sat another party before us.""
Term: tables
Output: neutral
",9,"Input: ""service is good although a bit in your face, we were asked every five mins if food was ok, but better that than being ignored.""
Term: service
Output: positive
",positive,prompt_single_term_fewshot,"Example 1:
Input: ""The decor is not special at all but their food and amazing prices make up for it.""
Term: decor
Output: negative


Example 2:
Input: ""when tables opened up, the manager sat another party before us.""
Term: tables
Output: neutral


Example 3
Input: ""service is good although a bit in your face, we were asked every five mins if food was ok, but better that than being ignored.""
Term: service
Output: positive

    
Task:
Input: The waitstaff are surprisingly uninformed and unintelligent, and I say this even though I liked my waiter.
Prompt: What is the sentiment in the text towards 'waiter'? Only respond with ""positive"", ""negative"" or ""neutral"" as one word."
141,141,55,141,"Main courses we had (beef, lobster sukiyaki, black seabass, striped seabass) tasted too much like homestyle authentic Chinese food except for the sukiyaki.",beef,neutral,0,"Input: ""The decor is not special at all but their food and amazing prices make up for it.""
Term: decor
Output: negative
",3,"Input: ""when tables opened up, the manager sat another party before us.""
Term: tables
Output: neutral
",9,"Input: ""service is good although a bit in your face, we were asked every five mins if food was ok, but better that than being ignored.""
Term: service
Output: positive
",positive,prompt_single_term_fewshot,"Example 1:
Input: ""The decor is not special at all but their food and amazing prices make up for it.""
Term: decor
Output: negative


Example 2:
Input: ""when tables opened up, the manager sat another party before us.""
Term: tables
Output: neutral


Example 3
Input: ""service is good although a bit in your face, we were asked every five mins if food was ok, but better that than being ignored.""
Term: service
Output: positive

    
Task:
Input: Main courses we had (beef, lobster sukiyaki, black seabass, striped seabass) tasted too much like homestyle authentic Chinese food except for the sukiyaki.
Prompt: What is the sentiment in the text towards 'beef'? Only respond with ""positive"", ""negative"" or ""neutral"" as one word."
142,142,55,142,"Main courses we had (beef, lobster sukiyaki, black seabass, striped seabass) tasted too much like homestyle authentic Chinese food except for the sukiyaki.",Chinese food,positive,0,"Input: ""The decor is not special at all but their food and amazing prices make up for it.""
Term: decor
Output: negative
",3,"Input: ""when tables opened up, the manager sat another party before us.""
Term: tables
Output: neutral
",9,"Input: ""service is good although a bit in your face, we were asked every five mins if food was ok, but better that than being ignored.""
Term: service
Output: positive
",positive,prompt_single_term_fewshot,"Example 1:
Input: ""The decor is not special at all but their food and amazing prices make up for it.""
Term: decor
Output: negative


Example 2:
Input: ""when tables opened up, the manager sat another party before us.""
Term: tables
Output: neutral


Example 3
Input: ""service is good although a bit in your face, we were asked every five mins if food was ok, but better that than being ignored.""
Term: service
Output: positive

    
Task:
Input: Main courses we had (beef, lobster sukiyaki, black seabass, striped seabass) tasted too much like homestyle authentic Chinese food except for the sukiyaki.
Prompt: What is the sentiment in the text towards 'Chinese food'? Only respond with ""positive"", ""negative"" or ""neutral"" as one word."
143,143,56,143,"The bill came out to like $100pp, and noone touched their food, and drinks were left untouched because after the first bite/sip you want to never touch it again.",bill,neutral,0,"Input: ""The decor is not special at all but their food and amazing prices make up for it.""
Term: decor
Output: negative
",3,"Input: ""when tables opened up, the manager sat another party before us.""
Term: tables
Output: neutral
",9,"Input: ""service is good although a bit in your face, we were asked every five mins if food was ok, but better that than being ignored.""
Term: service
Output: positive
",negative,prompt_single_term_fewshot,"Example 1:
Input: ""The decor is not special at all but their food and amazing prices make up for it.""
Term: decor
Output: negative


Example 2:
Input: ""when tables opened up, the manager sat another party before us.""
Term: tables
Output: neutral


Example 3
Input: ""service is good although a bit in your face, we were asked every five mins if food was ok, but better that than being ignored.""
Term: service
Output: positive

    
Task:
Input: The bill came out to like $100pp, and noone touched their food, and drinks were left untouched because after the first bite/sip you want to never touch it again.
Prompt: What is the sentiment in the text towards 'bill'? Only respond with ""positive"", ""negative"" or ""neutral"" as one word."
144,144,56,144,"The bill came out to like $100pp, and noone touched their food, and drinks were left untouched because after the first bite/sip you want to never touch it again.",food,neutral,0,"Input: ""The decor is not special at all but their food and amazing prices make up for it.""
Term: decor
Output: negative
",3,"Input: ""when tables opened up, the manager sat another party before us.""
Term: tables
Output: neutral
",9,"Input: ""service is good although a bit in your face, we were asked every five mins if food was ok, but better that than being ignored.""
Term: service
Output: positive
",negative,prompt_single_term_fewshot,"Example 1:
Input: ""The decor is not special at all but their food and amazing prices make up for it.""
Term: decor
Output: negative


Example 2:
Input: ""when tables opened up, the manager sat another party before us.""
Term: tables
Output: neutral


Example 3
Input: ""service is good although a bit in your face, we were asked every five mins if food was ok, but better that than being ignored.""
Term: service
Output: positive

    
Task:
Input: The bill came out to like $100pp, and noone touched their food, and drinks were left untouched because after the first bite/sip you want to never touch it again.
Prompt: What is the sentiment in the text towards 'food'? Only respond with ""positive"", ""negative"" or ""neutral"" as one word."
145,145,56,145,"The bill came out to like $100pp, and noone touched their food, and drinks were left untouched because after the first bite/sip you want to never touch it again.",drinks,negative,0,"Input: ""The decor is not special at all but their food and amazing prices make up for it.""
Term: decor
Output: negative
",3,"Input: ""when tables opened up, the manager sat another party before us.""
Term: tables
Output: neutral
",9,"Input: ""service is good although a bit in your face, we were asked every five mins if food was ok, but better that than being ignored.""
Term: service
Output: positive
",negative,prompt_single_term_fewshot,"Example 1:
Input: ""The decor is not special at all but their food and amazing prices make up for it.""
Term: decor
Output: negative


Example 2:
Input: ""when tables opened up, the manager sat another party before us.""
Term: tables
Output: neutral


Example 3
Input: ""service is good although a bit in your face, we were asked every five mins if food was ok, but better that than being ignored.""
Term: service
Output: positive

    
Task:
Input: The bill came out to like $100pp, and noone touched their food, and drinks were left untouched because after the first bite/sip you want to never touch it again.
Prompt: What is the sentiment in the text towards 'drinks'? Only respond with ""positive"", ""negative"" or ""neutral"" as one word."
146,146,57,146,We hunted the waitress to at least pay for the drinks.,waitress,negative,0,"Input: ""The decor is not special at all but their food and amazing prices make up for it.""
Term: decor
Output: negative
",3,"Input: ""when tables opened up, the manager sat another party before us.""
Term: tables
Output: neutral
",9,"Input: ""service is good although a bit in your face, we were asked every five mins if food was ok, but better that than being ignored.""
Term: service
Output: positive
",negative,prompt_single_term_fewshot,"Example 1:
Input: ""The decor is not special at all but their food and amazing prices make up for it.""
Term: decor
Output: negative


Example 2:
Input: ""when tables opened up, the manager sat another party before us.""
Term: tables
Output: neutral


Example 3
Input: ""service is good although a bit in your face, we were asked every five mins if food was ok, but better that than being ignored.""
Term: service
Output: positive

    
Task:
Input: We hunted the waitress to at least pay for the drinks.
Prompt: What is the sentiment in the text towards 'waitress'? Only respond with ""positive"", ""negative"" or ""neutral"" as one word."
147,147,57,147,We hunted the waitress to at least pay for the drinks.,drinks,neutral,0,"Input: ""The decor is not special at all but their food and amazing prices make up for it.""
Term: decor
Output: negative
",3,"Input: ""when tables opened up, the manager sat another party before us.""
Term: tables
Output: neutral
",9,"Input: ""service is good although a bit in your face, we were asked every five mins if food was ok, but better that than being ignored.""
Term: service
Output: positive
",negative,prompt_single_term_fewshot,"Example 1:
Input: ""The decor is not special at all but their food and amazing prices make up for it.""
Term: decor
Output: negative


Example 2:
Input: ""when tables opened up, the manager sat another party before us.""
Term: tables
Output: neutral


Example 3
Input: ""service is good although a bit in your face, we were asked every five mins if food was ok, but better that than being ignored.""
Term: service
Output: positive

    
Task:
Input: We hunted the waitress to at least pay for the drinks.
Prompt: What is the sentiment in the text towards 'drinks'? Only respond with ""positive"", ""negative"" or ""neutral"" as one word."
148,148,58,148,"The place was packed and while our food took time to be prepared, our waiter earned points for his sparkling conversation to pass time and for also knowing practically every ingredient of every special under consideration.",food,neutral,0,"Input: ""The decor is not special at all but their food and amazing prices make up for it.""
Term: decor
Output: negative
",3,"Input: ""when tables opened up, the manager sat another party before us.""
Term: tables
Output: neutral
",9,"Input: ""service is good although a bit in your face, we were asked every five mins if food was ok, but better that than being ignored.""
Term: service
Output: positive
",neutral,prompt_single_term_fewshot,"Example 1:
Input: ""The decor is not special at all but their food and amazing prices make up for it.""
Term: decor
Output: negative


Example 2:
Input: ""when tables opened up, the manager sat another party before us.""
Term: tables
Output: neutral


Example 3
Input: ""service is good although a bit in your face, we were asked every five mins if food was ok, but better that than being ignored.""
Term: service
Output: positive

    
Task:
Input: The place was packed and while our food took time to be prepared, our waiter earned points for his sparkling conversation to pass time and for also knowing practically every ingredient of every special under consideration.
Prompt: What is the sentiment in the text towards 'food'? Only respond with ""positive"", ""negative"" or ""neutral"" as one word."
149,149,58,149,"The place was packed and while our food took time to be prepared, our waiter earned points for his sparkling conversation to pass time and for also knowing practically every ingredient of every special under consideration.",waiter,positive,0,"Input: ""The decor is not special at all but their food and amazing prices make up for it.""
Term: decor
Output: negative
",3,"Input: ""when tables opened up, the manager sat another party before us.""
Term: tables
Output: neutral
",9,"Input: ""service is good although a bit in your face, we were asked every five mins if food was ok, but better that than being ignored.""
Term: service
Output: positive
",positive,prompt_single_term_fewshot,"Example 1:
Input: ""The decor is not special at all but their food and amazing prices make up for it.""
Term: decor
Output: negative


Example 2:
Input: ""when tables opened up, the manager sat another party before us.""
Term: tables
Output: neutral


Example 3
Input: ""service is good although a bit in your face, we were asked every five mins if food was ok, but better that than being ignored.""
Term: service
Output: positive

    
Task:
Input: The place was packed and while our food took time to be prepared, our waiter earned points for his sparkling conversation to pass time and for also knowing practically every ingredient of every special under consideration.
Prompt: What is the sentiment in the text towards 'waiter'? Only respond with ""positive"", ""negative"" or ""neutral"" as one word."
150,150,59,150,"The atmosphere's a bit grungy, yes, but the music and the coffee are good.",atmosphere,negative,0,"Input: ""The decor is not special at all but their food and amazing prices make up for it.""
Term: decor
Output: negative
",3,"Input: ""when tables opened up, the manager sat another party before us.""
Term: tables
Output: neutral
",9,"Input: ""service is good although a bit in your face, we were asked every five mins if food was ok, but better that than being ignored.""
Term: service
Output: positive
",negative,prompt_single_term_fewshot,"Example 1:
Input: ""The decor is not special at all but their food and amazing prices make up for it.""
Term: decor
Output: negative


Example 2:
Input: ""when tables opened up, the manager sat another party before us.""
Term: tables
Output: neutral


Example 3
Input: ""service is good although a bit in your face, we were asked every five mins if food was ok, but better that than being ignored.""
Term: service
Output: positive

    
Task:
Input: The atmosphere's a bit grungy, yes, but the music and the coffee are good.
Prompt: What is the sentiment in the text towards 'atmosphere'? Only respond with ""positive"", ""negative"" or ""neutral"" as one word."
151,151,59,151,"The atmosphere's a bit grungy, yes, but the music and the coffee are good.",music,positive,0,"Input: ""The decor is not special at all but their food and amazing prices make up for it.""
Term: decor
Output: negative
",3,"Input: ""when tables opened up, the manager sat another party before us.""
Term: tables
Output: neutral
",9,"Input: ""service is good although a bit in your face, we were asked every five mins if food was ok, but better that than being ignored.""
Term: service
Output: positive
",positive,prompt_single_term_fewshot,"Example 1:
Input: ""The decor is not special at all but their food and amazing prices make up for it.""
Term: decor
Output: negative


Example 2:
Input: ""when tables opened up, the manager sat another party before us.""
Term: tables
Output: neutral


Example 3
Input: ""service is good although a bit in your face, we were asked every five mins if food was ok, but better that than being ignored.""
Term: service
Output: positive

    
Task:
Input: The atmosphere's a bit grungy, yes, but the music and the coffee are good.
Prompt: What is the sentiment in the text towards 'music'? Only respond with ""positive"", ""negative"" or ""neutral"" as one word."
152,152,59,152,"The atmosphere's a bit grungy, yes, but the music and the coffee are good.",coffee,positive,0,"Input: ""The decor is not special at all but their food and amazing prices make up for it.""
Term: decor
Output: negative
",3,"Input: ""when tables opened up, the manager sat another party before us.""
Term: tables
Output: neutral
",9,"Input: ""service is good although a bit in your face, we were asked every five mins if food was ok, but better that than being ignored.""
Term: service
Output: positive
",positive,prompt_single_term_fewshot,"Example 1:
Input: ""The decor is not special at all but their food and amazing prices make up for it.""
Term: decor
Output: negative


Example 2:
Input: ""when tables opened up, the manager sat another party before us.""
Term: tables
Output: neutral


Example 3
Input: ""service is good although a bit in your face, we were asked every five mins if food was ok, but better that than being ignored.""
Term: service
Output: positive

    
Task:
Input: The atmosphere's a bit grungy, yes, but the music and the coffee are good.
Prompt: What is the sentiment in the text towards 'coffee'? Only respond with ""positive"", ""negative"" or ""neutral"" as one word."
153,153,60,153,"We had no problems with our resevations and found the service and the meal well worth a wait, had we run into one.",service,neutral,0,"Input: ""The decor is not special at all but their food and amazing prices make up for it.""
Term: decor
Output: negative
",3,"Input: ""when tables opened up, the manager sat another party before us.""
Term: tables
Output: neutral
",9,"Input: ""service is good although a bit in your face, we were asked every five mins if food was ok, but better that than being ignored.""
Term: service
Output: positive
",positive,prompt_single_term_fewshot,"Example 1:
Input: ""The decor is not special at all but their food and amazing prices make up for it.""
Term: decor
Output: negative


Example 2:
Input: ""when tables opened up, the manager sat another party before us.""
Term: tables
Output: neutral


Example 3
Input: ""service is good although a bit in your face, we were asked every five mins if food was ok, but better that than being ignored.""
Term: service
Output: positive

    
Task:
Input: We had no problems with our resevations and found the service and the meal well worth a wait, had we run into one.
Prompt: What is the sentiment in the text towards 'service'? Only respond with ""positive"", ""negative"" or ""neutral"" as one word."
154,154,60,154,"We had no problems with our resevations and found the service and the meal well worth a wait, had we run into one.",meal,neutral,0,"Input: ""The decor is not special at all but their food and amazing prices make up for it.""
Term: decor
Output: negative
",3,"Input: ""when tables opened up, the manager sat another party before us.""
Term: tables
Output: neutral
",9,"Input: ""service is good although a bit in your face, we were asked every five mins if food was ok, but better that than being ignored.""
Term: service
Output: positive
",positive,prompt_single_term_fewshot,"Example 1:
Input: ""The decor is not special at all but their food and amazing prices make up for it.""
Term: decor
Output: negative


Example 2:
Input: ""when tables opened up, the manager sat another party before us.""
Term: tables
Output: neutral


Example 3
Input: ""service is good although a bit in your face, we were asked every five mins if food was ok, but better that than being ignored.""
Term: service
Output: positive

    
Task:
Input: We had no problems with our resevations and found the service and the meal well worth a wait, had we run into one.
Prompt: What is the sentiment in the text towards 'meal'? Only respond with ""positive"", ""negative"" or ""neutral"" as one word."
155,155,60,155,"We had no problems with our resevations and found the service and the meal well worth a wait, had we run into one.",wait,positive,0,"Input: ""The decor is not special at all but their food and amazing prices make up for it.""
Term: decor
Output: negative
",3,"Input: ""when tables opened up, the manager sat another party before us.""
Term: tables
Output: neutral
",9,"Input: ""service is good although a bit in your face, we were asked every five mins if food was ok, but better that than being ignored.""
Term: service
Output: positive
",positive,prompt_single_term_fewshot,"Example 1:
Input: ""The decor is not special at all but their food and amazing prices make up for it.""
Term: decor
Output: negative


Example 2:
Input: ""when tables opened up, the manager sat another party before us.""
Term: tables
Output: neutral


Example 3
Input: ""service is good although a bit in your face, we were asked every five mins if food was ok, but better that than being ignored.""
Term: service
Output: positive

    
Task:
Input: We had no problems with our resevations and found the service and the meal well worth a wait, had we run into one.
Prompt: What is the sentiment in the text towards 'wait'? Only respond with ""positive"", ""negative"" or ""neutral"" as one word."
156,156,61,156,"the place has an awesome decore, with fish swiming below certain tables.",decore,positive,0,"Input: ""The decor is not special at all but their food and amazing prices make up for it.""
Term: decor
Output: negative
",3,"Input: ""when tables opened up, the manager sat another party before us.""
Term: tables
Output: neutral
",9,"Input: ""service is good although a bit in your face, we were asked every five mins if food was ok, but better that than being ignored.""
Term: service
Output: positive
",positive,prompt_single_term_fewshot,"Example 1:
Input: ""The decor is not special at all but their food and amazing prices make up for it.""
Term: decor
Output: negative


Example 2:
Input: ""when tables opened up, the manager sat another party before us.""
Term: tables
Output: neutral


Example 3
Input: ""service is good although a bit in your face, we were asked every five mins if food was ok, but better that than being ignored.""
Term: service
Output: positive

    
Task:
Input: the place has an awesome decore, with fish swiming below certain tables.
Prompt: What is the sentiment in the text towards 'decore'? Only respond with ""positive"", ""negative"" or ""neutral"" as one word."
157,157,61,157,"the place has an awesome decore, with fish swiming below certain tables.",fish,positive,0,"Input: ""The decor is not special at all but their food and amazing prices make up for it.""
Term: decor
Output: negative
",3,"Input: ""when tables opened up, the manager sat another party before us.""
Term: tables
Output: neutral
",9,"Input: ""service is good although a bit in your face, we were asked every five mins if food was ok, but better that than being ignored.""
Term: service
Output: positive
",neutral,prompt_single_term_fewshot,"Example 1:
Input: ""The decor is not special at all but their food and amazing prices make up for it.""
Term: decor
Output: negative


Example 2:
Input: ""when tables opened up, the manager sat another party before us.""
Term: tables
Output: neutral


Example 3
Input: ""service is good although a bit in your face, we were asked every five mins if food was ok, but better that than being ignored.""
Term: service
Output: positive

    
Task:
Input: the place has an awesome decore, with fish swiming below certain tables.
Prompt: What is the sentiment in the text towards 'fish'? Only respond with ""positive"", ""negative"" or ""neutral"" as one word."
158,158,61,158,"the place has an awesome decore, with fish swiming below certain tables.",tables,neutral,0,"Input: ""The decor is not special at all but their food and amazing prices make up for it.""
Term: decor
Output: negative
",3,"Input: ""when tables opened up, the manager sat another party before us.""
Term: tables
Output: neutral
",9,"Input: ""service is good although a bit in your face, we were asked every five mins if food was ok, but better that than being ignored.""
Term: service
Output: positive
",positive,prompt_single_term_fewshot,"Example 1:
Input: ""The decor is not special at all but their food and amazing prices make up for it.""
Term: decor
Output: negative


Example 2:
Input: ""when tables opened up, the manager sat another party before us.""
Term: tables
Output: neutral


Example 3
Input: ""service is good although a bit in your face, we were asked every five mins if food was ok, but better that than being ignored.""
Term: service
Output: positive

    
Task:
Input: the place has an awesome decore, with fish swiming below certain tables.
Prompt: What is the sentiment in the text towards 'tables'? Only respond with ""positive"", ""negative"" or ""neutral"" as one word."
159,159,62,159,"The not so goods: very pricey appetizers - $12 for a half cup of fried clams, $6 for two corn on the cob and $6 for a small plate of fries.",appetizers,negative,0,"Input: ""The decor is not special at all but their food and amazing prices make up for it.""
Term: decor
Output: negative
",3,"Input: ""when tables opened up, the manager sat another party before us.""
Term: tables
Output: neutral
",9,"Input: ""service is good although a bit in your face, we were asked every five mins if food was ok, but better that than being ignored.""
Term: service
Output: positive
",negative,prompt_single_term_fewshot,"Example 1:
Input: ""The decor is not special at all but their food and amazing prices make up for it.""
Term: decor
Output: negative


Example 2:
Input: ""when tables opened up, the manager sat another party before us.""
Term: tables
Output: neutral


Example 3
Input: ""service is good although a bit in your face, we were asked every five mins if food was ok, but better that than being ignored.""
Term: service
Output: positive

    
Task:
Input: The not so goods: very pricey appetizers - $12 for a half cup of fried clams, $6 for two corn on the cob and $6 for a small plate of fries.
Prompt: What is the sentiment in the text towards 'appetizers'? Only respond with ""positive"", ""negative"" or ""neutral"" as one word."
160,160,62,160,"The not so goods: very pricey appetizers - $12 for a half cup of fried clams, $6 for two corn on the cob and $6 for a small plate of fries.",cup of fried clams,neutral,0,"Input: ""The decor is not special at all but their food and amazing prices make up for it.""
Term: decor
Output: negative
",3,"Input: ""when tables opened up, the manager sat another party before us.""
Term: tables
Output: neutral
",9,"Input: ""service is good although a bit in your face, we were asked every five mins if food was ok, but better that than being ignored.""
Term: service
Output: positive
",negative,prompt_single_term_fewshot,"Example 1:
Input: ""The decor is not special at all but their food and amazing prices make up for it.""
Term: decor
Output: negative


Example 2:
Input: ""when tables opened up, the manager sat another party before us.""
Term: tables
Output: neutral


Example 3
Input: ""service is good although a bit in your face, we were asked every five mins if food was ok, but better that than being ignored.""
Term: service
Output: positive

    
Task:
Input: The not so goods: very pricey appetizers - $12 for a half cup of fried clams, $6 for two corn on the cob and $6 for a small plate of fries.
Prompt: What is the sentiment in the text towards 'cup of fried clams'? Only respond with ""positive"", ""negative"" or ""neutral"" as one word."
161,161,63,161,"Sure the food was - as always - very good, but we were quite outrageous about the waitress.",food,positive,0,"Input: ""The decor is not special at all but their food and amazing prices make up for it.""
Term: decor
Output: negative
",3,"Input: ""when tables opened up, the manager sat another party before us.""
Term: tables
Output: neutral
",9,"Input: ""service is good although a bit in your face, we were asked every five mins if food was ok, but better that than being ignored.""
Term: service
Output: positive
",positive,prompt_single_term_fewshot,"Example 1:
Input: ""The decor is not special at all but their food and amazing prices make up for it.""
Term: decor
Output: negative


Example 2:
Input: ""when tables opened up, the manager sat another party before us.""
Term: tables
Output: neutral


Example 3
Input: ""service is good although a bit in your face, we were asked every five mins if food was ok, but better that than being ignored.""
Term: service
Output: positive

    
Task:
Input: Sure the food was - as always - very good, but we were quite outrageous about the waitress.
Prompt: What is the sentiment in the text towards 'food'? Only respond with ""positive"", ""negative"" or ""neutral"" as one word."
162,162,63,162,"Sure the food was - as always - very good, but we were quite outrageous about the waitress.",waitress,negative,0,"Input: ""The decor is not special at all but their food and amazing prices make up for it.""
Term: decor
Output: negative
",3,"Input: ""when tables opened up, the manager sat another party before us.""
Term: tables
Output: neutral
",9,"Input: ""service is good although a bit in your face, we were asked every five mins if food was ok, but better that than being ignored.""
Term: service
Output: positive
",negative,prompt_single_term_fewshot,"Example 1:
Input: ""The decor is not special at all but their food and amazing prices make up for it.""
Term: decor
Output: negative


Example 2:
Input: ""when tables opened up, the manager sat another party before us.""
Term: tables
Output: neutral


Example 3
Input: ""service is good although a bit in your face, we were asked every five mins if food was ok, but better that than being ignored.""
Term: service
Output: positive

    
Task:
Input: Sure the food was - as always - very good, but we were quite outrageous about the waitress.
Prompt: What is the sentiment in the text towards 'waitress'? Only respond with ""positive"", ""negative"" or ""neutral"" as one word."
163,163,64,163,"So are cooked plates: Marinated Kobe beef practically melts on its skewers, soy-buttered scallops collapse with sweet brine and Chawanmushi custard, quivering in eel-soy broth with black truffles and foie gras, is over the top.",plates,neutral,0,"Input: ""The decor is not special at all but their food and amazing prices make up for it.""
Term: decor
Output: negative
",3,"Input: ""when tables opened up, the manager sat another party before us.""
Term: tables
Output: neutral
",9,"Input: ""service is good although a bit in your face, we were asked every five mins if food was ok, but better that than being ignored.""
Term: service
Output: positive
",positive,prompt_single_term_fewshot,"Example 1:
Input: ""The decor is not special at all but their food and amazing prices make up for it.""
Term: decor
Output: negative


Example 2:
Input: ""when tables opened up, the manager sat another party before us.""
Term: tables
Output: neutral


Example 3
Input: ""service is good although a bit in your face, we were asked every five mins if food was ok, but better that than being ignored.""
Term: service
Output: positive

    
Task:
Input: So are cooked plates: Marinated Kobe beef practically melts on its skewers, soy-buttered scallops collapse with sweet brine and Chawanmushi custard, quivering in eel-soy broth with black truffles and foie gras, is over the top.
Prompt: What is the sentiment in the text towards 'plates'? Only respond with ""positive"", ""negative"" or ""neutral"" as one word."
164,164,64,164,"So are cooked plates: Marinated Kobe beef practically melts on its skewers, soy-buttered scallops collapse with sweet brine and Chawanmushi custard, quivering in eel-soy broth with black truffles and foie gras, is over the top.",Marinated Kobe beef,positive,0,"Input: ""The decor is not special at all but their food and amazing prices make up for it.""
Term: decor
Output: negative
",3,"Input: ""when tables opened up, the manager sat another party before us.""
Term: tables
Output: neutral
",9,"Input: ""service is good although a bit in your face, we were asked every five mins if food was ok, but better that than being ignored.""
Term: service
Output: positive
",positive,prompt_single_term_fewshot,"Example 1:
Input: ""The decor is not special at all but their food and amazing prices make up for it.""
Term: decor
Output: negative


Example 2:
Input: ""when tables opened up, the manager sat another party before us.""
Term: tables
Output: neutral


Example 3
Input: ""service is good although a bit in your face, we were asked every five mins if food was ok, but better that than being ignored.""
Term: service
Output: positive

    
Task:
Input: So are cooked plates: Marinated Kobe beef practically melts on its skewers, soy-buttered scallops collapse with sweet brine and Chawanmushi custard, quivering in eel-soy broth with black truffles and foie gras, is over the top.
Prompt: What is the sentiment in the text towards 'Marinated Kobe beef'? Only respond with ""positive"", ""negative"" or ""neutral"" as one word."
165,165,64,165,"So are cooked plates: Marinated Kobe beef practically melts on its skewers, soy-buttered scallops collapse with sweet brine and Chawanmushi custard, quivering in eel-soy broth with black truffles and foie gras, is over the top.",scallops collapse,positive,0,"Input: ""The decor is not special at all but their food and amazing prices make up for it.""
Term: decor
Output: negative
",3,"Input: ""when tables opened up, the manager sat another party before us.""
Term: tables
Output: neutral
",9,"Input: ""service is good although a bit in your face, we were asked every five mins if food was ok, but better that than being ignored.""
Term: service
Output: positive
",positive,prompt_single_term_fewshot,"Example 1:
Input: ""The decor is not special at all but their food and amazing prices make up for it.""
Term: decor
Output: negative


Example 2:
Input: ""when tables opened up, the manager sat another party before us.""
Term: tables
Output: neutral


Example 3
Input: ""service is good although a bit in your face, we were asked every five mins if food was ok, but better that than being ignored.""
Term: service
Output: positive

    
Task:
Input: So are cooked plates: Marinated Kobe beef practically melts on its skewers, soy-buttered scallops collapse with sweet brine and Chawanmushi custard, quivering in eel-soy broth with black truffles and foie gras, is over the top.
Prompt: What is the sentiment in the text towards 'scallops collapse'? Only respond with ""positive"", ""negative"" or ""neutral"" as one word."
166,166,64,166,"So are cooked plates: Marinated Kobe beef practically melts on its skewers, soy-buttered scallops collapse with sweet brine and Chawanmushi custard, quivering in eel-soy broth with black truffles and foie gras, is over the top.",eel-soy broth with black truffles and foie gras,neutral,0,"Input: ""The decor is not special at all but their food and amazing prices make up for it.""
Term: decor
Output: negative
",3,"Input: ""when tables opened up, the manager sat another party before us.""
Term: tables
Output: neutral
",9,"Input: ""service is good although a bit in your face, we were asked every five mins if food was ok, but better that than being ignored.""
Term: service
Output: positive
",positive,prompt_single_term_fewshot,"Example 1:
Input: ""The decor is not special at all but their food and amazing prices make up for it.""
Term: decor
Output: negative


Example 2:
Input: ""when tables opened up, the manager sat another party before us.""
Term: tables
Output: neutral


Example 3
Input: ""service is good although a bit in your face, we were asked every five mins if food was ok, but better that than being ignored.""
Term: service
Output: positive

    
Task:
Input: So are cooked plates: Marinated Kobe beef practically melts on its skewers, soy-buttered scallops collapse with sweet brine and Chawanmushi custard, quivering in eel-soy broth with black truffles and foie gras, is over the top.
Prompt: What is the sentiment in the text towards 'eel-soy broth with black truffles and foie gras'? Only respond with ""positive"", ""negative"" or ""neutral"" as one word."
167,167,65,167,"With the large crowds here and the larger menu, be prepared to wait for your dinner to arrive at your table.",crowds,positive,0,"Input: ""The decor is not special at all but their food and amazing prices make up for it.""
Term: decor
Output: negative
",3,"Input: ""when tables opened up, the manager sat another party before us.""
Term: tables
Output: neutral
",9,"Input: ""service is good although a bit in your face, we were asked every five mins if food was ok, but better that than being ignored.""
Term: service
Output: positive
",negative,prompt_single_term_fewshot,"Example 1:
Input: ""The decor is not special at all but their food and amazing prices make up for it.""
Term: decor
Output: negative


Example 2:
Input: ""when tables opened up, the manager sat another party before us.""
Term: tables
Output: neutral


Example 3
Input: ""service is good although a bit in your face, we were asked every five mins if food was ok, but better that than being ignored.""
Term: service
Output: positive

    
Task:
Input: With the large crowds here and the larger menu, be prepared to wait for your dinner to arrive at your table.
Prompt: What is the sentiment in the text towards 'crowds'? Only respond with ""positive"", ""negative"" or ""neutral"" as one word."
168,168,65,168,"With the large crowds here and the larger menu, be prepared to wait for your dinner to arrive at your table.",dinner,neutral,0,"Input: ""The decor is not special at all but their food and amazing prices make up for it.""
Term: decor
Output: negative
",3,"Input: ""when tables opened up, the manager sat another party before us.""
Term: tables
Output: neutral
",9,"Input: ""service is good although a bit in your face, we were asked every five mins if food was ok, but better that than being ignored.""
Term: service
Output: positive
",neutral,prompt_single_term_fewshot,"Example 1:
Input: ""The decor is not special at all but their food and amazing prices make up for it.""
Term: decor
Output: negative


Example 2:
Input: ""when tables opened up, the manager sat another party before us.""
Term: tables
Output: neutral


Example 3
Input: ""service is good although a bit in your face, we were asked every five mins if food was ok, but better that than being ignored.""
Term: service
Output: positive

    
Task:
Input: With the large crowds here and the larger menu, be prepared to wait for your dinner to arrive at your table.
Prompt: What is the sentiment in the text towards 'dinner'? Only respond with ""positive"", ""negative"" or ""neutral"" as one word."
169,169,65,169,"With the large crowds here and the larger menu, be prepared to wait for your dinner to arrive at your table.",table,neutral,0,"Input: ""The decor is not special at all but their food and amazing prices make up for it.""
Term: decor
Output: negative
",3,"Input: ""when tables opened up, the manager sat another party before us.""
Term: tables
Output: neutral
",9,"Input: ""service is good although a bit in your face, we were asked every five mins if food was ok, but better that than being ignored.""
Term: service
Output: positive
",neutral,prompt_single_term_fewshot,"Example 1:
Input: ""The decor is not special at all but their food and amazing prices make up for it.""
Term: decor
Output: negative


Example 2:
Input: ""when tables opened up, the manager sat another party before us.""
Term: tables
Output: neutral


Example 3
Input: ""service is good although a bit in your face, we were asked every five mins if food was ok, but better that than being ignored.""
Term: service
Output: positive

    
Task:
Input: With the large crowds here and the larger menu, be prepared to wait for your dinner to arrive at your table.
Prompt: What is the sentiment in the text towards 'table'? Only respond with ""positive"", ""negative"" or ""neutral"" as one word."
170,170,66,170,"The third time, after, an hour and a half of waiting, my friend went up to the host to check the status.",waiting,negative,0,"Input: ""The decor is not special at all but their food and amazing prices make up for it.""
Term: decor
Output: negative
",3,"Input: ""when tables opened up, the manager sat another party before us.""
Term: tables
Output: neutral
",9,"Input: ""service is good although a bit in your face, we were asked every five mins if food was ok, but better that than being ignored.""
Term: service
Output: positive
",negative,prompt_single_term_fewshot,"Example 1:
Input: ""The decor is not special at all but their food and amazing prices make up for it.""
Term: decor
Output: negative


Example 2:
Input: ""when tables opened up, the manager sat another party before us.""
Term: tables
Output: neutral


Example 3
Input: ""service is good although a bit in your face, we were asked every five mins if food was ok, but better that than being ignored.""
Term: service
Output: positive

    
Task:
Input: The third time, after, an hour and a half of waiting, my friend went up to the host to check the status.
Prompt: What is the sentiment in the text towards 'waiting'? Only respond with ""positive"", ""negative"" or ""neutral"" as one word."
171,171,66,171,"The third time, after, an hour and a half of waiting, my friend went up to the host to check the status.",host,neutral,0,"Input: ""The decor is not special at all but their food and amazing prices make up for it.""
Term: decor
Output: negative
",3,"Input: ""when tables opened up, the manager sat another party before us.""
Term: tables
Output: neutral
",9,"Input: ""service is good although a bit in your face, we were asked every five mins if food was ok, but better that than being ignored.""
Term: service
Output: positive
",negative,prompt_single_term_fewshot,"Example 1:
Input: ""The decor is not special at all but their food and amazing prices make up for it.""
Term: decor
Output: negative


Example 2:
Input: ""when tables opened up, the manager sat another party before us.""
Term: tables
Output: neutral


Example 3
Input: ""service is good although a bit in your face, we were asked every five mins if food was ok, but better that than being ignored.""
Term: service
Output: positive

    
Task:
Input: The third time, after, an hour and a half of waiting, my friend went up to the host to check the status.
Prompt: What is the sentiment in the text towards 'host'? Only respond with ""positive"", ""negative"" or ""neutral"" as one word."
172,172,67,172,"Right after we finished the main course (the organic chicken was dry), but before we finish drinking the wine the check was placed on the table, and the waitress came back and picked it up three times.",organic chicken,negative,0,"Input: ""The decor is not special at all but their food and amazing prices make up for it.""
Term: decor
Output: negative
",3,"Input: ""when tables opened up, the manager sat another party before us.""
Term: tables
Output: neutral
",9,"Input: ""service is good although a bit in your face, we were asked every five mins if food was ok, but better that than being ignored.""
Term: service
Output: positive
",negative,prompt_single_term_fewshot,"Example 1:
Input: ""The decor is not special at all but their food and amazing prices make up for it.""
Term: decor
Output: negative


Example 2:
Input: ""when tables opened up, the manager sat another party before us.""
Term: tables
Output: neutral


Example 3
Input: ""service is good although a bit in your face, we were asked every five mins if food was ok, but better that than being ignored.""
Term: service
Output: positive

    
Task:
Input: Right after we finished the main course (the organic chicken was dry), but before we finish drinking the wine the check was placed on the table, and the waitress came back and picked it up three times.
Prompt: What is the sentiment in the text towards 'organic chicken'? Only respond with ""positive"", ""negative"" or ""neutral"" as one word."
173,173,67,173,"Right after we finished the main course (the organic chicken was dry), but before we finish drinking the wine the check was placed on the table, and the waitress came back and picked it up three times.",wine,neutral,0,"Input: ""The decor is not special at all but their food and amazing prices make up for it.""
Term: decor
Output: negative
",3,"Input: ""when tables opened up, the manager sat another party before us.""
Term: tables
Output: neutral
",9,"Input: ""service is good although a bit in your face, we were asked every five mins if food was ok, but better that than being ignored.""
Term: service
Output: positive
",neutral,prompt_single_term_fewshot,"Example 1:
Input: ""The decor is not special at all but their food and amazing prices make up for it.""
Term: decor
Output: negative


Example 2:
Input: ""when tables opened up, the manager sat another party before us.""
Term: tables
Output: neutral


Example 3
Input: ""service is good although a bit in your face, we were asked every five mins if food was ok, but better that than being ignored.""
Term: service
Output: positive

    
Task:
Input: Right after we finished the main course (the organic chicken was dry), but before we finish drinking the wine the check was placed on the table, and the waitress came back and picked it up three times.
Prompt: What is the sentiment in the text towards 'wine'? Only respond with ""positive"", ""negative"" or ""neutral"" as one word."
174,174,67,174,"Right after we finished the main course (the organic chicken was dry), but before we finish drinking the wine the check was placed on the table, and the waitress came back and picked it up three times.",waitress,negative,0,"Input: ""The decor is not special at all but their food and amazing prices make up for it.""
Term: decor
Output: negative
",3,"Input: ""when tables opened up, the manager sat another party before us.""
Term: tables
Output: neutral
",9,"Input: ""service is good although a bit in your face, we were asked every five mins if food was ok, but better that than being ignored.""
Term: service
Output: positive
",negative,prompt_single_term_fewshot,"Example 1:
Input: ""The decor is not special at all but their food and amazing prices make up for it.""
Term: decor
Output: negative


Example 2:
Input: ""when tables opened up, the manager sat another party before us.""
Term: tables
Output: neutral


Example 3
Input: ""service is good although a bit in your face, we were asked every five mins if food was ok, but better that than being ignored.""
Term: service
Output: positive

    
Task:
Input: Right after we finished the main course (the organic chicken was dry), but before we finish drinking the wine the check was placed on the table, and the waitress came back and picked it up three times.
Prompt: What is the sentiment in the text towards 'waitress'? Only respond with ""positive"", ""negative"" or ""neutral"" as one word."
175,175,68,175,"Appetizers are the safest bet, including a bountiful calamari plate or the appropriately earthy mushroom polenta.",Appetizers,positive,0,"Input: ""The decor is not special at all but their food and amazing prices make up for it.""
Term: decor
Output: negative
",3,"Input: ""when tables opened up, the manager sat another party before us.""
Term: tables
Output: neutral
",9,"Input: ""service is good although a bit in your face, we were asked every five mins if food was ok, but better that than being ignored.""
Term: service
Output: positive
",positive,prompt_single_term_fewshot,"Example 1:
Input: ""The decor is not special at all but their food and amazing prices make up for it.""
Term: decor
Output: negative


Example 2:
Input: ""when tables opened up, the manager sat another party before us.""
Term: tables
Output: neutral


Example 3
Input: ""service is good although a bit in your face, we were asked every five mins if food was ok, but better that than being ignored.""
Term: service
Output: positive

    
Task:
Input: Appetizers are the safest bet, including a bountiful calamari plate or the appropriately earthy mushroom polenta.
Prompt: What is the sentiment in the text towards 'Appetizers'? Only respond with ""positive"", ""negative"" or ""neutral"" as one word."
176,176,68,176,"Appetizers are the safest bet, including a bountiful calamari plate or the appropriately earthy mushroom polenta.",bountiful calamari plate,neutral,0,"Input: ""The decor is not special at all but their food and amazing prices make up for it.""
Term: decor
Output: negative
",3,"Input: ""when tables opened up, the manager sat another party before us.""
Term: tables
Output: neutral
",9,"Input: ""service is good although a bit in your face, we were asked every five mins if food was ok, but better that than being ignored.""
Term: service
Output: positive
",positive,prompt_single_term_fewshot,"Example 1:
Input: ""The decor is not special at all but their food and amazing prices make up for it.""
Term: decor
Output: negative


Example 2:
Input: ""when tables opened up, the manager sat another party before us.""
Term: tables
Output: neutral


Example 3
Input: ""service is good although a bit in your face, we were asked every five mins if food was ok, but better that than being ignored.""
Term: service
Output: positive

    
Task:
Input: Appetizers are the safest bet, including a bountiful calamari plate or the appropriately earthy mushroom polenta.
Prompt: What is the sentiment in the text towards 'bountiful calamari plate'? Only respond with ""positive"", ""negative"" or ""neutral"" as one word."
177,177,68,177,"Appetizers are the safest bet, including a bountiful calamari plate or the appropriately earthy mushroom polenta.",appropriately earthy mushroom polenta,neutral,0,"Input: ""The decor is not special at all but their food and amazing prices make up for it.""
Term: decor
Output: negative
",3,"Input: ""when tables opened up, the manager sat another party before us.""
Term: tables
Output: neutral
",9,"Input: ""service is good although a bit in your face, we were asked every five mins if food was ok, but better that than being ignored.""
Term: service
Output: positive
",positive,prompt_single_term_fewshot,"Example 1:
Input: ""The decor is not special at all but their food and amazing prices make up for it.""
Term: decor
Output: negative


Example 2:
Input: ""when tables opened up, the manager sat another party before us.""
Term: tables
Output: neutral


Example 3
Input: ""service is good although a bit in your face, we were asked every five mins if food was ok, but better that than being ignored.""
Term: service
Output: positive

    
Task:
Input: Appetizers are the safest bet, including a bountiful calamari plate or the appropriately earthy mushroom polenta.
Prompt: What is the sentiment in the text towards 'appropriately earthy mushroom polenta'? Only respond with ""positive"", ""negative"" or ""neutral"" as one word."
178,178,69,178,"the decor could be a bit better, and if there was a small bar the overall atmosphere would be a bit more inviting (especially for regulars).",decor,negative,0,"Input: ""The decor is not special at all but their food and amazing prices make up for it.""
Term: decor
Output: negative
",3,"Input: ""when tables opened up, the manager sat another party before us.""
Term: tables
Output: neutral
",9,"Input: ""service is good although a bit in your face, we were asked every five mins if food was ok, but better that than being ignored.""
Term: service
Output: positive
",negative,prompt_single_term_fewshot,"Example 1:
Input: ""The decor is not special at all but their food and amazing prices make up for it.""
Term: decor
Output: negative


Example 2:
Input: ""when tables opened up, the manager sat another party before us.""
Term: tables
Output: neutral


Example 3
Input: ""service is good although a bit in your face, we were asked every five mins if food was ok, but better that than being ignored.""
Term: service
Output: positive

    
Task:
Input: the decor could be a bit better, and if there was a small bar the overall atmosphere would be a bit more inviting (especially for regulars).
Prompt: What is the sentiment in the text towards 'decor'? Only respond with ""positive"", ""negative"" or ""neutral"" as one word."
179,179,69,179,"the decor could be a bit better, and if there was a small bar the overall atmosphere would be a bit more inviting (especially for regulars).",bar,negative,0,"Input: ""The decor is not special at all but their food and amazing prices make up for it.""
Term: decor
Output: negative
",3,"Input: ""when tables opened up, the manager sat another party before us.""
Term: tables
Output: neutral
",9,"Input: ""service is good although a bit in your face, we were asked every five mins if food was ok, but better that than being ignored.""
Term: service
Output: positive
",positive,prompt_single_term_fewshot,"Example 1:
Input: ""The decor is not special at all but their food and amazing prices make up for it.""
Term: decor
Output: negative


Example 2:
Input: ""when tables opened up, the manager sat another party before us.""
Term: tables
Output: neutral


Example 3
Input: ""service is good although a bit in your face, we were asked every five mins if food was ok, but better that than being ignored.""
Term: service
Output: positive

    
Task:
Input: the decor could be a bit better, and if there was a small bar the overall atmosphere would be a bit more inviting (especially for regulars).
Prompt: What is the sentiment in the text towards 'bar'? Only respond with ""positive"", ""negative"" or ""neutral"" as one word."
180,180,69,180,"the decor could be a bit better, and if there was a small bar the overall atmosphere would be a bit more inviting (especially for regulars).",atmosphere,positive,0,"Input: ""The decor is not special at all but their food and amazing prices make up for it.""
Term: decor
Output: negative
",3,"Input: ""when tables opened up, the manager sat another party before us.""
Term: tables
Output: neutral
",9,"Input: ""service is good although a bit in your face, we were asked every five mins if food was ok, but better that than being ignored.""
Term: service
Output: positive
",positive,prompt_single_term_fewshot,"Example 1:
Input: ""The decor is not special at all but their food and amazing prices make up for it.""
Term: decor
Output: negative


Example 2:
Input: ""when tables opened up, the manager sat another party before us.""
Term: tables
Output: neutral


Example 3
Input: ""service is good although a bit in your face, we were asked every five mins if food was ok, but better that than being ignored.""
Term: service
Output: positive

    
Task:
Input: the decor could be a bit better, and if there was a small bar the overall atmosphere would be a bit more inviting (especially for regulars).
Prompt: What is the sentiment in the text towards 'atmosphere'? Only respond with ""positive"", ""negative"" or ""neutral"" as one word."
181,181,70,181,"The trick to the tomato and onions is ask for it light on the onions, heavy on the tomatoes, order steak for one less person than you have in your party and if the steak is too rare, you can cook the individual pieces more by placing them on the platter around the edges.",tomato and onions,neutral,0,"Input: ""The decor is not special at all but their food and amazing prices make up for it.""
Term: decor
Output: negative
",3,"Input: ""when tables opened up, the manager sat another party before us.""
Term: tables
Output: neutral
",9,"Input: ""service is good although a bit in your face, we were asked every five mins if food was ok, but better that than being ignored.""
Term: service
Output: positive
",positive,prompt_single_term_fewshot,"Example 1:
Input: ""The decor is not special at all but their food and amazing prices make up for it.""
Term: decor
Output: negative


Example 2:
Input: ""when tables opened up, the manager sat another party before us.""
Term: tables
Output: neutral


Example 3
Input: ""service is good although a bit in your face, we were asked every five mins if food was ok, but better that than being ignored.""
Term: service
Output: positive

    
Task:
Input: The trick to the tomato and onions is ask for it light on the onions, heavy on the tomatoes, order steak for one less person than you have in your party and if the steak is too rare, you can cook the individual pieces more by placing them on the platter around the edges.
Prompt: What is the sentiment in the text towards 'tomato and onions'? Only respond with ""positive"", ""negative"" or ""neutral"" as one word."
182,182,70,182,"The trick to the tomato and onions is ask for it light on the onions, heavy on the tomatoes, order steak for one less person than you have in your party and if the steak is too rare, you can cook the individual pieces more by placing them on the platter around the edges.",tomatoes,positive,0,"Input: ""The decor is not special at all but their food and amazing prices make up for it.""
Term: decor
Output: negative
",3,"Input: ""when tables opened up, the manager sat another party before us.""
Term: tables
Output: neutral
",9,"Input: ""service is good although a bit in your face, we were asked every five mins if food was ok, but better that than being ignored.""
Term: service
Output: positive
",positive,prompt_single_term_fewshot,"Example 1:
Input: ""The decor is not special at all but their food and amazing prices make up for it.""
Term: decor
Output: negative


Example 2:
Input: ""when tables opened up, the manager sat another party before us.""
Term: tables
Output: neutral


Example 3
Input: ""service is good although a bit in your face, we were asked every five mins if food was ok, but better that than being ignored.""
Term: service
Output: positive

    
Task:
Input: The trick to the tomato and onions is ask for it light on the onions, heavy on the tomatoes, order steak for one less person than you have in your party and if the steak is too rare, you can cook the individual pieces more by placing them on the platter around the edges.
Prompt: What is the sentiment in the text towards 'tomatoes'? Only respond with ""positive"", ""negative"" or ""neutral"" as one word."
183,183,71,183,I will be back not only because the price was so unbelievable but the atmosphere was just plain COOL and the food was spectacular.,price,negative,0,"Input: ""The decor is not special at all but their food and amazing prices make up for it.""
Term: decor
Output: negative
",3,"Input: ""when tables opened up, the manager sat another party before us.""
Term: tables
Output: neutral
",9,"Input: ""service is good although a bit in your face, we were asked every five mins if food was ok, but better that than being ignored.""
Term: service
Output: positive
",positive,prompt_single_term_fewshot,"Example 1:
Input: ""The decor is not special at all but their food and amazing prices make up for it.""
Term: decor
Output: negative


Example 2:
Input: ""when tables opened up, the manager sat another party before us.""
Term: tables
Output: neutral


Example 3
Input: ""service is good although a bit in your face, we were asked every five mins if food was ok, but better that than being ignored.""
Term: service
Output: positive

    
Task:
Input: I will be back not only because the price was so unbelievable but the atmosphere was just plain COOL and the food was spectacular.
Prompt: What is the sentiment in the text towards 'price'? Only respond with ""positive"", ""negative"" or ""neutral"" as one word."
184,184,71,184,I will be back not only because the price was so unbelievable but the atmosphere was just plain COOL and the food was spectacular.,atmosphere,positive,0,"Input: ""The decor is not special at all but their food and amazing prices make up for it.""
Term: decor
Output: negative
",3,"Input: ""when tables opened up, the manager sat another party before us.""
Term: tables
Output: neutral
",9,"Input: ""service is good although a bit in your face, we were asked every five mins if food was ok, but better that than being ignored.""
Term: service
Output: positive
",positive,prompt_single_term_fewshot,"Example 1:
Input: ""The decor is not special at all but their food and amazing prices make up for it.""
Term: decor
Output: negative


Example 2:
Input: ""when tables opened up, the manager sat another party before us.""
Term: tables
Output: neutral


Example 3
Input: ""service is good although a bit in your face, we were asked every five mins if food was ok, but better that than being ignored.""
Term: service
Output: positive

    
Task:
Input: I will be back not only because the price was so unbelievable but the atmosphere was just plain COOL and the food was spectacular.
Prompt: What is the sentiment in the text towards 'atmosphere'? Only respond with ""positive"", ""negative"" or ""neutral"" as one word."
185,185,71,185,I will be back not only because the price was so unbelievable but the atmosphere was just plain COOL and the food was spectacular.,food,positive,0,"Input: ""The decor is not special at all but their food and amazing prices make up for it.""
Term: decor
Output: negative
",3,"Input: ""when tables opened up, the manager sat another party before us.""
Term: tables
Output: neutral
",9,"Input: ""service is good although a bit in your face, we were asked every five mins if food was ok, but better that than being ignored.""
Term: service
Output: positive
",positive,prompt_single_term_fewshot,"Example 1:
Input: ""The decor is not special at all but their food and amazing prices make up for it.""
Term: decor
Output: negative


Example 2:
Input: ""when tables opened up, the manager sat another party before us.""
Term: tables
Output: neutral


Example 3
Input: ""service is good although a bit in your face, we were asked every five mins if food was ok, but better that than being ignored.""
Term: service
Output: positive

    
Task:
Input: I will be back not only because the price was so unbelievable but the atmosphere was just plain COOL and the food was spectacular.
Prompt: What is the sentiment in the text towards 'food'? Only respond with ""positive"", ""negative"" or ""neutral"" as one word."
186,186,72,186,"Went with a girlfriend, waited for over an hour while we had drinks, food was ok, service was terrible.",drinks,neutral,0,"Input: ""The decor is not special at all but their food and amazing prices make up for it.""
Term: decor
Output: negative
",3,"Input: ""when tables opened up, the manager sat another party before us.""
Term: tables
Output: neutral
",9,"Input: ""service is good although a bit in your face, we were asked every five mins if food was ok, but better that than being ignored.""
Term: service
Output: positive
",neutral,prompt_single_term_fewshot,"Example 1:
Input: ""The decor is not special at all but their food and amazing prices make up for it.""
Term: decor
Output: negative


Example 2:
Input: ""when tables opened up, the manager sat another party before us.""
Term: tables
Output: neutral


Example 3
Input: ""service is good although a bit in your face, we were asked every five mins if food was ok, but better that than being ignored.""
Term: service
Output: positive

    
Task:
Input: Went with a girlfriend, waited for over an hour while we had drinks, food was ok, service was terrible.
Prompt: What is the sentiment in the text towards 'drinks'? Only respond with ""positive"", ""negative"" or ""neutral"" as one word."
187,187,72,187,"Went with a girlfriend, waited for over an hour while we had drinks, food was ok, service was terrible.",service,negative,0,"Input: ""The decor is not special at all but their food and amazing prices make up for it.""
Term: decor
Output: negative
",3,"Input: ""when tables opened up, the manager sat another party before us.""
Term: tables
Output: neutral
",9,"Input: ""service is good although a bit in your face, we were asked every five mins if food was ok, but better that than being ignored.""
Term: service
Output: positive
",negative,prompt_single_term_fewshot,"Example 1:
Input: ""The decor is not special at all but their food and amazing prices make up for it.""
Term: decor
Output: negative


Example 2:
Input: ""when tables opened up, the manager sat another party before us.""
Term: tables
Output: neutral


Example 3
Input: ""service is good although a bit in your face, we were asked every five mins if food was ok, but better that than being ignored.""
Term: service
Output: positive

    
Task:
Input: Went with a girlfriend, waited for over an hour while we had drinks, food was ok, service was terrible.
Prompt: What is the sentiment in the text towards 'service'? Only respond with ""positive"", ""negative"" or ""neutral"" as one word."
188,188,73,188,Went here with my husband on a Saturday night for dinner since the place looked like it had great atmosphere.,dinner,neutral,0,"Input: ""The decor is not special at all but their food and amazing prices make up for it.""
Term: decor
Output: negative
",3,"Input: ""when tables opened up, the manager sat another party before us.""
Term: tables
Output: neutral
",9,"Input: ""service is good although a bit in your face, we were asked every five mins if food was ok, but better that than being ignored.""
Term: service
Output: positive
",neutral,prompt_single_term_fewshot,"Example 1:
Input: ""The decor is not special at all but their food and amazing prices make up for it.""
Term: decor
Output: negative


Example 2:
Input: ""when tables opened up, the manager sat another party before us.""
Term: tables
Output: neutral


Example 3
Input: ""service is good although a bit in your face, we were asked every five mins if food was ok, but better that than being ignored.""
Term: service
Output: positive

    
Task:
Input: Went here with my husband on a Saturday night for dinner since the place looked like it had great atmosphere.
Prompt: What is the sentiment in the text towards 'dinner'? Only respond with ""positive"", ""negative"" or ""neutral"" as one word."
189,189,73,189,Went here with my husband on a Saturday night for dinner since the place looked like it had great atmosphere.,place,neutral,0,"Input: ""The decor is not special at all but their food and amazing prices make up for it.""
Term: decor
Output: negative
",3,"Input: ""when tables opened up, the manager sat another party before us.""
Term: tables
Output: neutral
",9,"Input: ""service is good although a bit in your face, we were asked every five mins if food was ok, but better that than being ignored.""
Term: service
Output: positive
",positive,prompt_single_term_fewshot,"Example 1:
Input: ""The decor is not special at all but their food and amazing prices make up for it.""
Term: decor
Output: negative


Example 2:
Input: ""when tables opened up, the manager sat another party before us.""
Term: tables
Output: neutral


Example 3
Input: ""service is good although a bit in your face, we were asked every five mins if food was ok, but better that than being ignored.""
Term: service
Output: positive

    
Task:
Input: Went here with my husband on a Saturday night for dinner since the place looked like it had great atmosphere.
Prompt: What is the sentiment in the text towards 'place'? Only respond with ""positive"", ""negative"" or ""neutral"" as one word."
190,190,73,190,Went here with my husband on a Saturday night for dinner since the place looked like it had great atmosphere.,atmosphere,positive,0,"Input: ""The decor is not special at all but their food and amazing prices make up for it.""
Term: decor
Output: negative
",3,"Input: ""when tables opened up, the manager sat another party before us.""
Term: tables
Output: neutral
",9,"Input: ""service is good although a bit in your face, we were asked every five mins if food was ok, but better that than being ignored.""
Term: service
Output: positive
",positive,prompt_single_term_fewshot,"Example 1:
Input: ""The decor is not special at all but their food and amazing prices make up for it.""
Term: decor
Output: negative


Example 2:
Input: ""when tables opened up, the manager sat another party before us.""
Term: tables
Output: neutral


Example 3
Input: ""service is good although a bit in your face, we were asked every five mins if food was ok, but better that than being ignored.""
Term: service
Output: positive

    
Task:
Input: Went here with my husband on a Saturday night for dinner since the place looked like it had great atmosphere.
Prompt: What is the sentiment in the text towards 'atmosphere'? Only respond with ""positive"", ""negative"" or ""neutral"" as one word."
191,191,74,191,"The service was great -- my glass was refilled without having to ask, we were greeted by the manager that day to ask how our food was.",service,positive,0,"Input: ""The decor is not special at all but their food and amazing prices make up for it.""
Term: decor
Output: negative
",3,"Input: ""when tables opened up, the manager sat another party before us.""
Term: tables
Output: neutral
",9,"Input: ""service is good although a bit in your face, we were asked every five mins if food was ok, but better that than being ignored.""
Term: service
Output: positive
",positive,prompt_single_term_fewshot,"Example 1:
Input: ""The decor is not special at all but their food and amazing prices make up for it.""
Term: decor
Output: negative


Example 2:
Input: ""when tables opened up, the manager sat another party before us.""
Term: tables
Output: neutral


Example 3
Input: ""service is good although a bit in your face, we were asked every five mins if food was ok, but better that than being ignored.""
Term: service
Output: positive

    
Task:
Input: The service was great -- my glass was refilled without having to ask, we were greeted by the manager that day to ask how our food was.
Prompt: What is the sentiment in the text towards 'service'? Only respond with ""positive"", ""negative"" or ""neutral"" as one word."
192,192,74,192,"The service was great -- my glass was refilled without having to ask, we were greeted by the manager that day to ask how our food was.",manager,positive,0,"Input: ""The decor is not special at all but their food and amazing prices make up for it.""
Term: decor
Output: negative
",3,"Input: ""when tables opened up, the manager sat another party before us.""
Term: tables
Output: neutral
",9,"Input: ""service is good although a bit in your face, we were asked every five mins if food was ok, but better that than being ignored.""
Term: service
Output: positive
",positive,prompt_single_term_fewshot,"Example 1:
Input: ""The decor is not special at all but their food and amazing prices make up for it.""
Term: decor
Output: negative


Example 2:
Input: ""when tables opened up, the manager sat another party before us.""
Term: tables
Output: neutral


Example 3
Input: ""service is good although a bit in your face, we were asked every five mins if food was ok, but better that than being ignored.""
Term: service
Output: positive

    
Task:
Input: The service was great -- my glass was refilled without having to ask, we were greeted by the manager that day to ask how our food was.
Prompt: What is the sentiment in the text towards 'manager'? Only respond with ""positive"", ""negative"" or ""neutral"" as one word."
193,193,74,193,"The service was great -- my glass was refilled without having to ask, we were greeted by the manager that day to ask how our food was.",food,neutral,0,"Input: ""The decor is not special at all but their food and amazing prices make up for it.""
Term: decor
Output: negative
",3,"Input: ""when tables opened up, the manager sat another party before us.""
Term: tables
Output: neutral
",9,"Input: ""service is good although a bit in your face, we were asked every five mins if food was ok, but better that than being ignored.""
Term: service
Output: positive
",neutral,prompt_single_term_fewshot,"Example 1:
Input: ""The decor is not special at all but their food and amazing prices make up for it.""
Term: decor
Output: negative


Example 2:
Input: ""when tables opened up, the manager sat another party before us.""
Term: tables
Output: neutral


Example 3
Input: ""service is good although a bit in your face, we were asked every five mins if food was ok, but better that than being ignored.""
Term: service
Output: positive

    
Task:
Input: The service was great -- my glass was refilled without having to ask, we were greeted by the manager that day to ask how our food was.
Prompt: What is the sentiment in the text towards 'food'? Only respond with ""positive"", ""negative"" or ""neutral"" as one word."
194,194,75,194,The waiter knew about every item on the menu and explained it very well.,waiter,positive,0,"Input: ""The decor is not special at all but their food and amazing prices make up for it.""
Term: decor
Output: negative
",3,"Input: ""when tables opened up, the manager sat another party before us.""
Term: tables
Output: neutral
",9,"Input: ""service is good although a bit in your face, we were asked every five mins if food was ok, but better that than being ignored.""
Term: service
Output: positive
",positive,prompt_single_term_fewshot,"Example 1:
Input: ""The decor is not special at all but their food and amazing prices make up for it.""
Term: decor
Output: negative


Example 2:
Input: ""when tables opened up, the manager sat another party before us.""
Term: tables
Output: neutral


Example 3
Input: ""service is good although a bit in your face, we were asked every five mins if food was ok, but better that than being ignored.""
Term: service
Output: positive

    
Task:
Input: The waiter knew about every item on the menu and explained it very well.
Prompt: What is the sentiment in the text towards 'waiter'? Only respond with ""positive"", ""negative"" or ""neutral"" as one word."
195,195,75,195,The waiter knew about every item on the menu and explained it very well.,menu,neutral,0,"Input: ""The decor is not special at all but their food and amazing prices make up for it.""
Term: decor
Output: negative
",3,"Input: ""when tables opened up, the manager sat another party before us.""
Term: tables
Output: neutral
",9,"Input: ""service is good although a bit in your face, we were asked every five mins if food was ok, but better that than being ignored.""
Term: service
Output: positive
",neutral,prompt_single_term_fewshot,"Example 1:
Input: ""The decor is not special at all but their food and amazing prices make up for it.""
Term: decor
Output: negative


Example 2:
Input: ""when tables opened up, the manager sat another party before us.""
Term: tables
Output: neutral


Example 3
Input: ""service is good although a bit in your face, we were asked every five mins if food was ok, but better that than being ignored.""
Term: service
Output: positive

    
Task:
Input: The waiter knew about every item on the menu and explained it very well.
Prompt: What is the sentiment in the text towards 'menu'? Only respond with ""positive"", ""negative"" or ""neutral"" as one word."
196,196,76,196,"dinner on 1st floor (street level) a bit noisy, 2nd floor has bed-style seating that is good for dessert drinks (do not attempt to have entree on the bed, what a mess it will be trying to eat rice dishes with sauce while half-lying down).",dinner,neutral,0,"Input: ""The decor is not special at all but their food and amazing prices make up for it.""
Term: decor
Output: negative
",3,"Input: ""when tables opened up, the manager sat another party before us.""
Term: tables
Output: neutral
",9,"Input: ""service is good although a bit in your face, we were asked every five mins if food was ok, but better that than being ignored.""
Term: service
Output: positive
",negative,prompt_single_term_fewshot,"Example 1:
Input: ""The decor is not special at all but their food and amazing prices make up for it.""
Term: decor
Output: negative


Example 2:
Input: ""when tables opened up, the manager sat another party before us.""
Term: tables
Output: neutral


Example 3
Input: ""service is good although a bit in your face, we were asked every five mins if food was ok, but better that than being ignored.""
Term: service
Output: positive

    
Task:
Input: dinner on 1st floor (street level) a bit noisy, 2nd floor has bed-style seating that is good for dessert drinks (do not attempt to have entree on the bed, what a mess it will be trying to eat rice dishes with sauce while half-lying down).
Prompt: What is the sentiment in the text towards 'dinner'? Only respond with ""positive"", ""negative"" or ""neutral"" as one word."
197,197,76,197,"dinner on 1st floor (street level) a bit noisy, 2nd floor has bed-style seating that is good for dessert drinks (do not attempt to have entree on the bed, what a mess it will be trying to eat rice dishes with sauce while half-lying down).",dessert drinks,positive,0,"Input: ""The decor is not special at all but their food and amazing prices make up for it.""
Term: decor
Output: negative
",3,"Input: ""when tables opened up, the manager sat another party before us.""
Term: tables
Output: neutral
",9,"Input: ""service is good although a bit in your face, we were asked every five mins if food was ok, but better that than being ignored.""
Term: service
Output: positive
",positive,prompt_single_term_fewshot,"Example 1:
Input: ""The decor is not special at all but their food and amazing prices make up for it.""
Term: decor
Output: negative


Example 2:
Input: ""when tables opened up, the manager sat another party before us.""
Term: tables
Output: neutral


Example 3
Input: ""service is good although a bit in your face, we were asked every five mins if food was ok, but better that than being ignored.""
Term: service
Output: positive

    
Task:
Input: dinner on 1st floor (street level) a bit noisy, 2nd floor has bed-style seating that is good for dessert drinks (do not attempt to have entree on the bed, what a mess it will be trying to eat rice dishes with sauce while half-lying down).
Prompt: What is the sentiment in the text towards 'dessert drinks'? Only respond with ""positive"", ""negative"" or ""neutral"" as one word."
198,198,76,198,"dinner on 1st floor (street level) a bit noisy, 2nd floor has bed-style seating that is good for dessert drinks (do not attempt to have entree on the bed, what a mess it will be trying to eat rice dishes with sauce while half-lying down).",rice dishes,neutral,0,"Input: ""The decor is not special at all but their food and amazing prices make up for it.""
Term: decor
Output: negative
",3,"Input: ""when tables opened up, the manager sat another party before us.""
Term: tables
Output: neutral
",9,"Input: ""service is good although a bit in your face, we were asked every five mins if food was ok, but better that than being ignored.""
Term: service
Output: positive
",negative,prompt_single_term_fewshot,"Example 1:
Input: ""The decor is not special at all but their food and amazing prices make up for it.""
Term: decor
Output: negative


Example 2:
Input: ""when tables opened up, the manager sat another party before us.""
Term: tables
Output: neutral


Example 3
Input: ""service is good although a bit in your face, we were asked every five mins if food was ok, but better that than being ignored.""
Term: service
Output: positive

    
Task:
Input: dinner on 1st floor (street level) a bit noisy, 2nd floor has bed-style seating that is good for dessert drinks (do not attempt to have entree on the bed, what a mess it will be trying to eat rice dishes with sauce while half-lying down).
Prompt: What is the sentiment in the text towards 'rice dishes'? Only respond with ""positive"", ""negative"" or ""neutral"" as one word."
199,199,77,199,"The only dishes that were good were the chicken kebob (not hard to make) and the desserts, which were rice pudding.",dishes,positive,0,"Input: ""The decor is not special at all but their food and amazing prices make up for it.""
Term: decor
Output: negative
",3,"Input: ""when tables opened up, the manager sat another party before us.""
Term: tables
Output: neutral
",9,"Input: ""service is good although a bit in your face, we were asked every five mins if food was ok, but better that than being ignored.""
Term: service
Output: positive
",negative,prompt_single_term_fewshot,"Example 1:
Input: ""The decor is not special at all but their food and amazing prices make up for it.""
Term: decor
Output: negative


Example 2:
Input: ""when tables opened up, the manager sat another party before us.""
Term: tables
Output: neutral


Example 3
Input: ""service is good although a bit in your face, we were asked every five mins if food was ok, but better that than being ignored.""
Term: service
Output: positive

    
Task:
Input: The only dishes that were good were the chicken kebob (not hard to make) and the desserts, which were rice pudding.
Prompt: What is the sentiment in the text towards 'dishes'? Only respond with ""positive"", ""negative"" or ""neutral"" as one word."
200,200,77,200,"The only dishes that were good were the chicken kebob (not hard to make) and the desserts, which were rice pudding.",desserts,negative,0,"Input: ""The decor is not special at all but their food and amazing prices make up for it.""
Term: decor
Output: negative
",3,"Input: ""when tables opened up, the manager sat another party before us.""
Term: tables
Output: neutral
",9,"Input: ""service is good although a bit in your face, we were asked every five mins if food was ok, but better that than being ignored.""
Term: service
Output: positive
",positive,prompt_single_term_fewshot,"Example 1:
Input: ""The decor is not special at all but their food and amazing prices make up for it.""
Term: decor
Output: negative


Example 2:
Input: ""when tables opened up, the manager sat another party before us.""
Term: tables
Output: neutral


Example 3
Input: ""service is good although a bit in your face, we were asked every five mins if food was ok, but better that than being ignored.""
Term: service
Output: positive

    
Task:
Input: The only dishes that were good were the chicken kebob (not hard to make) and the desserts, which were rice pudding.
Prompt: What is the sentiment in the text towards 'desserts'? Only respond with ""positive"", ""negative"" or ""neutral"" as one word."
201,201,77,201,"The only dishes that were good were the chicken kebob (not hard to make) and the desserts, which were rice pudding.",rice pudding,neutral,0,"Input: ""The decor is not special at all but their food and amazing prices make up for it.""
Term: decor
Output: negative
",3,"Input: ""when tables opened up, the manager sat another party before us.""
Term: tables
Output: neutral
",9,"Input: ""service is good although a bit in your face, we were asked every five mins if food was ok, but better that than being ignored.""
Term: service
Output: positive
",positive,prompt_single_term_fewshot,"Example 1:
Input: ""The decor is not special at all but their food and amazing prices make up for it.""
Term: decor
Output: negative


Example 2:
Input: ""when tables opened up, the manager sat another party before us.""
Term: tables
Output: neutral


Example 3
Input: ""service is good although a bit in your face, we were asked every five mins if food was ok, but better that than being ignored.""
Term: service
Output: positive

    
Task:
Input: The only dishes that were good were the chicken kebob (not hard to make) and the desserts, which were rice pudding.
Prompt: What is the sentiment in the text towards 'rice pudding'? Only respond with ""positive"", ""negative"" or ""neutral"" as one word."
202,202,78,202,"The Clinton-frequented restaurant stands handsomely on a quiet residential corner, and the modern interior includes a long dining room, a small bar and harsh lighting.",interior,positive,0,"Input: ""The decor is not special at all but their food and amazing prices make up for it.""
Term: decor
Output: negative
",3,"Input: ""when tables opened up, the manager sat another party before us.""
Term: tables
Output: neutral
",9,"Input: ""service is good although a bit in your face, we were asked every five mins if food was ok, but better that than being ignored.""
Term: service
Output: positive
",positive,prompt_single_term_fewshot,"Example 1:
Input: ""The decor is not special at all but their food and amazing prices make up for it.""
Term: decor
Output: negative


Example 2:
Input: ""when tables opened up, the manager sat another party before us.""
Term: tables
Output: neutral


Example 3
Input: ""service is good although a bit in your face, we were asked every five mins if food was ok, but better that than being ignored.""
Term: service
Output: positive

    
Task:
Input: The Clinton-frequented restaurant stands handsomely on a quiet residential corner, and the modern interior includes a long dining room, a small bar and harsh lighting.
Prompt: What is the sentiment in the text towards 'interior'? Only respond with ""positive"", ""negative"" or ""neutral"" as one word."
203,203,78,203,"The Clinton-frequented restaurant stands handsomely on a quiet residential corner, and the modern interior includes a long dining room, a small bar and harsh lighting.",bar,negative,0,"Input: ""The decor is not special at all but their food and amazing prices make up for it.""
Term: decor
Output: negative
",3,"Input: ""when tables opened up, the manager sat another party before us.""
Term: tables
Output: neutral
",9,"Input: ""service is good although a bit in your face, we were asked every five mins if food was ok, but better that than being ignored.""
Term: service
Output: positive
",neutral,prompt_single_term_fewshot,"Example 1:
Input: ""The decor is not special at all but their food and amazing prices make up for it.""
Term: decor
Output: negative


Example 2:
Input: ""when tables opened up, the manager sat another party before us.""
Term: tables
Output: neutral


Example 3
Input: ""service is good although a bit in your face, we were asked every five mins if food was ok, but better that than being ignored.""
Term: service
Output: positive

    
Task:
Input: The Clinton-frequented restaurant stands handsomely on a quiet residential corner, and the modern interior includes a long dining room, a small bar and harsh lighting.
Prompt: What is the sentiment in the text towards 'bar'? Only respond with ""positive"", ""negative"" or ""neutral"" as one word."
204,204,79,204,"I like the somosas, chai, and the chole, but the dhosas and dhal were kinda dissapointing.",somosas,positive,0,"Input: ""The decor is not special at all but their food and amazing prices make up for it.""
Term: decor
Output: negative
",3,"Input: ""when tables opened up, the manager sat another party before us.""
Term: tables
Output: neutral
",9,"Input: ""service is good although a bit in your face, we were asked every five mins if food was ok, but better that than being ignored.""
Term: service
Output: positive
",positive,prompt_single_term_fewshot,"Example 1:
Input: ""The decor is not special at all but their food and amazing prices make up for it.""
Term: decor
Output: negative


Example 2:
Input: ""when tables opened up, the manager sat another party before us.""
Term: tables
Output: neutral


Example 3
Input: ""service is good although a bit in your face, we were asked every five mins if food was ok, but better that than being ignored.""
Term: service
Output: positive

    
Task:
Input: I like the somosas, chai, and the chole, but the dhosas and dhal were kinda dissapointing.
Prompt: What is the sentiment in the text towards 'somosas'? Only respond with ""positive"", ""negative"" or ""neutral"" as one word."
205,205,79,205,"I like the somosas, chai, and the chole, but the dhosas and dhal were kinda dissapointing.",chai,positive,0,"Input: ""The decor is not special at all but their food and amazing prices make up for it.""
Term: decor
Output: negative
",3,"Input: ""when tables opened up, the manager sat another party before us.""
Term: tables
Output: neutral
",9,"Input: ""service is good although a bit in your face, we were asked every five mins if food was ok, but better that than being ignored.""
Term: service
Output: positive
",positive,prompt_single_term_fewshot,"Example 1:
Input: ""The decor is not special at all but their food and amazing prices make up for it.""
Term: decor
Output: negative


Example 2:
Input: ""when tables opened up, the manager sat another party before us.""
Term: tables
Output: neutral


Example 3
Input: ""service is good although a bit in your face, we were asked every five mins if food was ok, but better that than being ignored.""
Term: service
Output: positive

    
Task:
Input: I like the somosas, chai, and the chole, but the dhosas and dhal were kinda dissapointing.
Prompt: What is the sentiment in the text towards 'chai'? Only respond with ""positive"", ""negative"" or ""neutral"" as one word."
206,206,79,206,"I like the somosas, chai, and the chole, but the dhosas and dhal were kinda dissapointing.",chole,positive,0,"Input: ""The decor is not special at all but their food and amazing prices make up for it.""
Term: decor
Output: negative
",3,"Input: ""when tables opened up, the manager sat another party before us.""
Term: tables
Output: neutral
",9,"Input: ""service is good although a bit in your face, we were asked every five mins if food was ok, but better that than being ignored.""
Term: service
Output: positive
",positive,prompt_single_term_fewshot,"Example 1:
Input: ""The decor is not special at all but their food and amazing prices make up for it.""
Term: decor
Output: negative


Example 2:
Input: ""when tables opened up, the manager sat another party before us.""
Term: tables
Output: neutral


Example 3
Input: ""service is good although a bit in your face, we were asked every five mins if food was ok, but better that than being ignored.""
Term: service
Output: positive

    
Task:
Input: I like the somosas, chai, and the chole, but the dhosas and dhal were kinda dissapointing.
Prompt: What is the sentiment in the text towards 'chole'? Only respond with ""positive"", ""negative"" or ""neutral"" as one word."
207,207,79,207,"I like the somosas, chai, and the chole, but the dhosas and dhal were kinda dissapointing.",dhosas,negative,0,"Input: ""The decor is not special at all but their food and amazing prices make up for it.""
Term: decor
Output: negative
",3,"Input: ""when tables opened up, the manager sat another party before us.""
Term: tables
Output: neutral
",9,"Input: ""service is good although a bit in your face, we were asked every five mins if food was ok, but better that than being ignored.""
Term: service
Output: positive
",negative,prompt_single_term_fewshot,"Example 1:
Input: ""The decor is not special at all but their food and amazing prices make up for it.""
Term: decor
Output: negative


Example 2:
Input: ""when tables opened up, the manager sat another party before us.""
Term: tables
Output: neutral


Example 3
Input: ""service is good although a bit in your face, we were asked every five mins if food was ok, but better that than being ignored.""
Term: service
Output: positive

    
Task:
Input: I like the somosas, chai, and the chole, but the dhosas and dhal were kinda dissapointing.
Prompt: What is the sentiment in the text towards 'dhosas'? Only respond with ""positive"", ""negative"" or ""neutral"" as one word."
208,208,79,208,"I like the somosas, chai, and the chole, but the dhosas and dhal were kinda dissapointing.",dhal,negative,0,"Input: ""The decor is not special at all but their food and amazing prices make up for it.""
Term: decor
Output: negative
",3,"Input: ""when tables opened up, the manager sat another party before us.""
Term: tables
Output: neutral
",9,"Input: ""service is good although a bit in your face, we were asked every five mins if food was ok, but better that than being ignored.""
Term: service
Output: positive
",negative,prompt_single_term_fewshot,"Example 1:
Input: ""The decor is not special at all but their food and amazing prices make up for it.""
Term: decor
Output: negative


Example 2:
Input: ""when tables opened up, the manager sat another party before us.""
Term: tables
Output: neutral


Example 3
Input: ""service is good although a bit in your face, we were asked every five mins if food was ok, but better that than being ignored.""
Term: service
Output: positive

    
Task:
Input: I like the somosas, chai, and the chole, but the dhosas and dhal were kinda dissapointing.
Prompt: What is the sentiment in the text towards 'dhal'? Only respond with ""positive"", ""negative"" or ""neutral"" as one word."
209,209,80,209,i got a steak special that was way overpriced ($12 more then the steak on the menu and no warning from the waitress) and it was cooked to the wrong temperature.,steak special,negative,0,"Input: ""The decor is not special at all but their food and amazing prices make up for it.""
Term: decor
Output: negative
",3,"Input: ""when tables opened up, the manager sat another party before us.""
Term: tables
Output: neutral
",9,"Input: ""service is good although a bit in your face, we were asked every five mins if food was ok, but better that than being ignored.""
Term: service
Output: positive
",negative,prompt_single_term_fewshot,"Example 1:
Input: ""The decor is not special at all but their food and amazing prices make up for it.""
Term: decor
Output: negative


Example 2:
Input: ""when tables opened up, the manager sat another party before us.""
Term: tables
Output: neutral


Example 3
Input: ""service is good although a bit in your face, we were asked every five mins if food was ok, but better that than being ignored.""
Term: service
Output: positive

    
Task:
Input: i got a steak special that was way overpriced ($12 more then the steak on the menu and no warning from the waitress) and it was cooked to the wrong temperature.
Prompt: What is the sentiment in the text towards 'steak special'? Only respond with ""positive"", ""negative"" or ""neutral"" as one word."
210,210,80,210,i got a steak special that was way overpriced ($12 more then the steak on the menu and no warning from the waitress) and it was cooked to the wrong temperature.,menu,neutral,0,"Input: ""The decor is not special at all but their food and amazing prices make up for it.""
Term: decor
Output: negative
",3,"Input: ""when tables opened up, the manager sat another party before us.""
Term: tables
Output: neutral
",9,"Input: ""service is good although a bit in your face, we were asked every five mins if food was ok, but better that than being ignored.""
Term: service
Output: positive
",neutral,prompt_single_term_fewshot,"Example 1:
Input: ""The decor is not special at all but their food and amazing prices make up for it.""
Term: decor
Output: negative


Example 2:
Input: ""when tables opened up, the manager sat another party before us.""
Term: tables
Output: neutral


Example 3
Input: ""service is good although a bit in your face, we were asked every five mins if food was ok, but better that than being ignored.""
Term: service
Output: positive

    
Task:
Input: i got a steak special that was way overpriced ($12 more then the steak on the menu and no warning from the waitress) and it was cooked to the wrong temperature.
Prompt: What is the sentiment in the text towards 'menu'? Only respond with ""positive"", ""negative"" or ""neutral"" as one word."
211,211,80,211,i got a steak special that was way overpriced ($12 more then the steak on the menu and no warning from the waitress) and it was cooked to the wrong temperature.,waitress,negative,0,"Input: ""The decor is not special at all but their food and amazing prices make up for it.""
Term: decor
Output: negative
",3,"Input: ""when tables opened up, the manager sat another party before us.""
Term: tables
Output: neutral
",9,"Input: ""service is good although a bit in your face, we were asked every five mins if food was ok, but better that than being ignored.""
Term: service
Output: positive
",negative,prompt_single_term_fewshot,"Example 1:
Input: ""The decor is not special at all but their food and amazing prices make up for it.""
Term: decor
Output: negative


Example 2:
Input: ""when tables opened up, the manager sat another party before us.""
Term: tables
Output: neutral


Example 3
Input: ""service is good although a bit in your face, we were asked every five mins if food was ok, but better that than being ignored.""
Term: service
Output: positive

    
Task:
Input: i got a steak special that was way overpriced ($12 more then the steak on the menu and no warning from the waitress) and it was cooked to the wrong temperature.
Prompt: What is the sentiment in the text towards 'waitress'? Only respond with ""positive"", ""negative"" or ""neutral"" as one word."
212,212,80,212,i got a steak special that was way overpriced ($12 more then the steak on the menu and no warning from the waitress) and it was cooked to the wrong temperature.,temperature,negative,0,"Input: ""The decor is not special at all but their food and amazing prices make up for it.""
Term: decor
Output: negative
",3,"Input: ""when tables opened up, the manager sat another party before us.""
Term: tables
Output: neutral
",9,"Input: ""service is good although a bit in your face, we were asked every five mins if food was ok, but better that than being ignored.""
Term: service
Output: positive
",negative,prompt_single_term_fewshot,"Example 1:
Input: ""The decor is not special at all but their food and amazing prices make up for it.""
Term: decor
Output: negative


Example 2:
Input: ""when tables opened up, the manager sat another party before us.""
Term: tables
Output: neutral


Example 3
Input: ""service is good although a bit in your face, we were asked every five mins if food was ok, but better that than being ignored.""
Term: service
Output: positive

    
Task:
Input: i got a steak special that was way overpriced ($12 more then the steak on the menu and no warning from the waitress) and it was cooked to the wrong temperature.
Prompt: What is the sentiment in the text towards 'temperature'? Only respond with ""positive"", ""negative"" or ""neutral"" as one word."
213,213,81,213,"Watch out for the overworked, stressed out waitress who dumps tapa dishes on the table and leaves w/out announcing what it is.",waitress,negative,0,"Input: ""The decor is not special at all but their food and amazing prices make up for it.""
Term: decor
Output: negative
",3,"Input: ""when tables opened up, the manager sat another party before us.""
Term: tables
Output: neutral
",9,"Input: ""service is good although a bit in your face, we were asked every five mins if food was ok, but better that than being ignored.""
Term: service
Output: positive
",negative,prompt_single_term_fewshot,"Example 1:
Input: ""The decor is not special at all but their food and amazing prices make up for it.""
Term: decor
Output: negative


Example 2:
Input: ""when tables opened up, the manager sat another party before us.""
Term: tables
Output: neutral


Example 3
Input: ""service is good although a bit in your face, we were asked every five mins if food was ok, but better that than being ignored.""
Term: service
Output: positive

    
Task:
Input: Watch out for the overworked, stressed out waitress who dumps tapa dishes on the table and leaves w/out announcing what it is.
Prompt: What is the sentiment in the text towards 'waitress'? Only respond with ""positive"", ""negative"" or ""neutral"" as one word."
214,214,81,214,"Watch out for the overworked, stressed out waitress who dumps tapa dishes on the table and leaves w/out announcing what it is.",dishes,neutral,0,"Input: ""The decor is not special at all but their food and amazing prices make up for it.""
Term: decor
Output: negative
",3,"Input: ""when tables opened up, the manager sat another party before us.""
Term: tables
Output: neutral
",9,"Input: ""service is good although a bit in your face, we were asked every five mins if food was ok, but better that than being ignored.""
Term: service
Output: positive
",negative,prompt_single_term_fewshot,"Example 1:
Input: ""The decor is not special at all but their food and amazing prices make up for it.""
Term: decor
Output: negative


Example 2:
Input: ""when tables opened up, the manager sat another party before us.""
Term: tables
Output: neutral


Example 3
Input: ""service is good although a bit in your face, we were asked every five mins if food was ok, but better that than being ignored.""
Term: service
Output: positive

    
Task:
Input: Watch out for the overworked, stressed out waitress who dumps tapa dishes on the table and leaves w/out announcing what it is.
Prompt: What is the sentiment in the text towards 'dishes'? Only respond with ""positive"", ""negative"" or ""neutral"" as one word."
215,215,81,215,"Watch out for the overworked, stressed out waitress who dumps tapa dishes on the table and leaves w/out announcing what it is.",table,neutral,0,"Input: ""The decor is not special at all but their food and amazing prices make up for it.""
Term: decor
Output: negative
",3,"Input: ""when tables opened up, the manager sat another party before us.""
Term: tables
Output: neutral
",9,"Input: ""service is good although a bit in your face, we were asked every five mins if food was ok, but better that than being ignored.""
Term: service
Output: positive
",neutral,prompt_single_term_fewshot,"Example 1:
Input: ""The decor is not special at all but their food and amazing prices make up for it.""
Term: decor
Output: negative


Example 2:
Input: ""when tables opened up, the manager sat another party before us.""
Term: tables
Output: neutral


Example 3
Input: ""service is good although a bit in your face, we were asked every five mins if food was ok, but better that than being ignored.""
Term: service
Output: positive

    
Task:
Input: Watch out for the overworked, stressed out waitress who dumps tapa dishes on the table and leaves w/out announcing what it is.
Prompt: What is the sentiment in the text towards 'table'? Only respond with ""positive"", ""negative"" or ""neutral"" as one word."
216,216,82,216,At 1:15 we were still waiting for our plates!,waiting,negative,0,"Input: ""The decor is not special at all but their food and amazing prices make up for it.""
Term: decor
Output: negative
",3,"Input: ""when tables opened up, the manager sat another party before us.""
Term: tables
Output: neutral
",9,"Input: ""service is good although a bit in your face, we were asked every five mins if food was ok, but better that than being ignored.""
Term: service
Output: positive
",negative,prompt_single_term_fewshot,"Example 1:
Input: ""The decor is not special at all but their food and amazing prices make up for it.""
Term: decor
Output: negative


Example 2:
Input: ""when tables opened up, the manager sat another party before us.""
Term: tables
Output: neutral


Example 3
Input: ""service is good although a bit in your face, we were asked every five mins if food was ok, but better that than being ignored.""
Term: service
Output: positive

    
Task:
Input: At 1:15 we were still waiting for our plates!
Prompt: What is the sentiment in the text towards 'waiting'? Only respond with ""positive"", ""negative"" or ""neutral"" as one word."
217,217,82,217,At 1:15 we were still waiting for our plates!,plates,neutral,0,"Input: ""The decor is not special at all but their food and amazing prices make up for it.""
Term: decor
Output: negative
",3,"Input: ""when tables opened up, the manager sat another party before us.""
Term: tables
Output: neutral
",9,"Input: ""service is good although a bit in your face, we were asked every five mins if food was ok, but better that than being ignored.""
Term: service
Output: positive
",negative,prompt_single_term_fewshot,"Example 1:
Input: ""The decor is not special at all but their food and amazing prices make up for it.""
Term: decor
Output: negative


Example 2:
Input: ""when tables opened up, the manager sat another party before us.""
Term: tables
Output: neutral


Example 3
Input: ""service is good although a bit in your face, we were asked every five mins if food was ok, but better that than being ignored.""
Term: service
Output: positive

    
Task:
Input: At 1:15 we were still waiting for our plates!
Prompt: What is the sentiment in the text towards 'plates'? Only respond with ""positive"", ""negative"" or ""neutral"" as one word."
218,218,83,218,"The service was non-existant, the manager spent all of his time at the bar.",service,negative,0,"Input: ""The decor is not special at all but their food and amazing prices make up for it.""
Term: decor
Output: negative
",3,"Input: ""when tables opened up, the manager sat another party before us.""
Term: tables
Output: neutral
",9,"Input: ""service is good although a bit in your face, we were asked every five mins if food was ok, but better that than being ignored.""
Term: service
Output: positive
",negative,prompt_single_term_fewshot,"Example 1:
Input: ""The decor is not special at all but their food and amazing prices make up for it.""
Term: decor
Output: negative


Example 2:
Input: ""when tables opened up, the manager sat another party before us.""
Term: tables
Output: neutral


Example 3
Input: ""service is good although a bit in your face, we were asked every five mins if food was ok, but better that than being ignored.""
Term: service
Output: positive

    
Task:
Input: The service was non-existant, the manager spent all of his time at the bar.
Prompt: What is the sentiment in the text towards 'service'? Only respond with ""positive"", ""negative"" or ""neutral"" as one word."
219,219,83,219,"The service was non-existant, the manager spent all of his time at the bar.",manager,negative,0,"Input: ""The decor is not special at all but their food and amazing prices make up for it.""
Term: decor
Output: negative
",3,"Input: ""when tables opened up, the manager sat another party before us.""
Term: tables
Output: neutral
",9,"Input: ""service is good although a bit in your face, we were asked every five mins if food was ok, but better that than being ignored.""
Term: service
Output: positive
",negative,prompt_single_term_fewshot,"Example 1:
Input: ""The decor is not special at all but their food and amazing prices make up for it.""
Term: decor
Output: negative


Example 2:
Input: ""when tables opened up, the manager sat another party before us.""
Term: tables
Output: neutral


Example 3
Input: ""service is good although a bit in your face, we were asked every five mins if food was ok, but better that than being ignored.""
Term: service
Output: positive

    
Task:
Input: The service was non-existant, the manager spent all of his time at the bar.
Prompt: What is the sentiment in the text towards 'manager'? Only respond with ""positive"", ""negative"" or ""neutral"" as one word."
220,220,83,220,"The service was non-existant, the manager spent all of his time at the bar.",bar,neutral,0,"Input: ""The decor is not special at all but their food and amazing prices make up for it.""
Term: decor
Output: negative
",3,"Input: ""when tables opened up, the manager sat another party before us.""
Term: tables
Output: neutral
",9,"Input: ""service is good although a bit in your face, we were asked every five mins if food was ok, but better that than being ignored.""
Term: service
Output: positive
",neutral,prompt_single_term_fewshot,"Example 1:
Input: ""The decor is not special at all but their food and amazing prices make up for it.""
Term: decor
Output: negative


Example 2:
Input: ""when tables opened up, the manager sat another party before us.""
Term: tables
Output: neutral


Example 3
Input: ""service is good although a bit in your face, we were asked every five mins if food was ok, but better that than being ignored.""
Term: service
Output: positive

    
Task:
Input: The service was non-existant, the manager spent all of his time at the bar.
Prompt: What is the sentiment in the text towards 'bar'? Only respond with ""positive"", ""negative"" or ""neutral"" as one word."
221,221,84,221,"For dessert, go with the delicate, subtle flan over the pasty rice pudding.",dessert,neutral,0,"Input: ""The decor is not special at all but their food and amazing prices make up for it.""
Term: decor
Output: negative
",3,"Input: ""when tables opened up, the manager sat another party before us.""
Term: tables
Output: neutral
",9,"Input: ""service is good although a bit in your face, we were asked every five mins if food was ok, but better that than being ignored.""
Term: service
Output: positive
",positive,prompt_single_term_fewshot,"Example 1:
Input: ""The decor is not special at all but their food and amazing prices make up for it.""
Term: decor
Output: negative


Example 2:
Input: ""when tables opened up, the manager sat another party before us.""
Term: tables
Output: neutral


Example 3
Input: ""service is good although a bit in your face, we were asked every five mins if food was ok, but better that than being ignored.""
Term: service
Output: positive

    
Task:
Input: For dessert, go with the delicate, subtle flan over the pasty rice pudding.
Prompt: What is the sentiment in the text towards 'dessert'? Only respond with ""positive"", ""negative"" or ""neutral"" as one word."
222,222,84,222,"For dessert, go with the delicate, subtle flan over the pasty rice pudding.",flan,positive,0,"Input: ""The decor is not special at all but their food and amazing prices make up for it.""
Term: decor
Output: negative
",3,"Input: ""when tables opened up, the manager sat another party before us.""
Term: tables
Output: neutral
",9,"Input: ""service is good although a bit in your face, we were asked every five mins if food was ok, but better that than being ignored.""
Term: service
Output: positive
",positive,prompt_single_term_fewshot,"Example 1:
Input: ""The decor is not special at all but their food and amazing prices make up for it.""
Term: decor
Output: negative


Example 2:
Input: ""when tables opened up, the manager sat another party before us.""
Term: tables
Output: neutral


Example 3
Input: ""service is good although a bit in your face, we were asked every five mins if food was ok, but better that than being ignored.""
Term: service
Output: positive

    
Task:
Input: For dessert, go with the delicate, subtle flan over the pasty rice pudding.
Prompt: What is the sentiment in the text towards 'flan'? Only respond with ""positive"", ""negative"" or ""neutral"" as one word."
223,223,84,223,"For dessert, go with the delicate, subtle flan over the pasty rice pudding.",rice pudding,positive,0,"Input: ""The decor is not special at all but their food and amazing prices make up for it.""
Term: decor
Output: negative
",3,"Input: ""when tables opened up, the manager sat another party before us.""
Term: tables
Output: neutral
",9,"Input: ""service is good although a bit in your face, we were asked every five mins if food was ok, but better that than being ignored.""
Term: service
Output: positive
",negative,prompt_single_term_fewshot,"Example 1:
Input: ""The decor is not special at all but their food and amazing prices make up for it.""
Term: decor
Output: negative


Example 2:
Input: ""when tables opened up, the manager sat another party before us.""
Term: tables
Output: neutral


Example 3
Input: ""service is good although a bit in your face, we were asked every five mins if food was ok, but better that than being ignored.""
Term: service
Output: positive

    
Task:
Input: For dessert, go with the delicate, subtle flan over the pasty rice pudding.
Prompt: What is the sentiment in the text towards 'rice pudding'? Only respond with ""positive"", ""negative"" or ""neutral"" as one word."
224,224,85,224,"The atmosphere was warm, sexy, and very romantic but the lighting wasn't good for reading the menu.",atmosphere,positive,0,"Input: ""The decor is not special at all but their food and amazing prices make up for it.""
Term: decor
Output: negative
",3,"Input: ""when tables opened up, the manager sat another party before us.""
Term: tables
Output: neutral
",9,"Input: ""service is good although a bit in your face, we were asked every five mins if food was ok, but better that than being ignored.""
Term: service
Output: positive
",positive,prompt_single_term_fewshot,"Example 1:
Input: ""The decor is not special at all but their food and amazing prices make up for it.""
Term: decor
Output: negative


Example 2:
Input: ""when tables opened up, the manager sat another party before us.""
Term: tables
Output: neutral


Example 3
Input: ""service is good although a bit in your face, we were asked every five mins if food was ok, but better that than being ignored.""
Term: service
Output: positive

    
Task:
Input: The atmosphere was warm, sexy, and very romantic but the lighting wasn't good for reading the menu.
Prompt: What is the sentiment in the text towards 'atmosphere'? Only respond with ""positive"", ""negative"" or ""neutral"" as one word."
225,225,85,225,"The atmosphere was warm, sexy, and very romantic but the lighting wasn't good for reading the menu.",lighting,negative,0,"Input: ""The decor is not special at all but their food and amazing prices make up for it.""
Term: decor
Output: negative
",3,"Input: ""when tables opened up, the manager sat another party before us.""
Term: tables
Output: neutral
",9,"Input: ""service is good although a bit in your face, we were asked every five mins if food was ok, but better that than being ignored.""
Term: service
Output: positive
",negative,prompt_single_term_fewshot,"Example 1:
Input: ""The decor is not special at all but their food and amazing prices make up for it.""
Term: decor
Output: negative


Example 2:
Input: ""when tables opened up, the manager sat another party before us.""
Term: tables
Output: neutral


Example 3
Input: ""service is good although a bit in your face, we were asked every five mins if food was ok, but better that than being ignored.""
Term: service
Output: positive

    
Task:
Input: The atmosphere was warm, sexy, and very romantic but the lighting wasn't good for reading the menu.
Prompt: What is the sentiment in the text towards 'lighting'? Only respond with ""positive"", ""negative"" or ""neutral"" as one word."
226,226,85,226,"The atmosphere was warm, sexy, and very romantic but the lighting wasn't good for reading the menu.",menu,neutral,0,"Input: ""The decor is not special at all but their food and amazing prices make up for it.""
Term: decor
Output: negative
",3,"Input: ""when tables opened up, the manager sat another party before us.""
Term: tables
Output: neutral
",9,"Input: ""service is good although a bit in your face, we were asked every five mins if food was ok, but better that than being ignored.""
Term: service
Output: positive
",negative,prompt_single_term_fewshot,"Example 1:
Input: ""The decor is not special at all but their food and amazing prices make up for it.""
Term: decor
Output: negative


Example 2:
Input: ""when tables opened up, the manager sat another party before us.""
Term: tables
Output: neutral


Example 3
Input: ""service is good although a bit in your face, we were asked every five mins if food was ok, but better that than being ignored.""
Term: service
Output: positive

    
Task:
Input: The atmosphere was warm, sexy, and very romantic but the lighting wasn't good for reading the menu.
Prompt: What is the sentiment in the text towards 'menu'? Only respond with ""positive"", ""negative"" or ""neutral"" as one word."
227,227,86,227,"The mango salsa with fish cake was too sour, the apple suace for pork chop too sweet.",mango salsa with fish cake,negative,0,"Input: ""The decor is not special at all but their food and amazing prices make up for it.""
Term: decor
Output: negative
",3,"Input: ""when tables opened up, the manager sat another party before us.""
Term: tables
Output: neutral
",9,"Input: ""service is good although a bit in your face, we were asked every five mins if food was ok, but better that than being ignored.""
Term: service
Output: positive
",negative,prompt_single_term_fewshot,"Example 1:
Input: ""The decor is not special at all but their food and amazing prices make up for it.""
Term: decor
Output: negative


Example 2:
Input: ""when tables opened up, the manager sat another party before us.""
Term: tables
Output: neutral


Example 3
Input: ""service is good although a bit in your face, we were asked every five mins if food was ok, but better that than being ignored.""
Term: service
Output: positive

    
Task:
Input: The mango salsa with fish cake was too sour, the apple suace for pork chop too sweet.
Prompt: What is the sentiment in the text towards 'mango salsa with fish cake'? Only respond with ""positive"", ""negative"" or ""neutral"" as one word."
228,228,86,228,"The mango salsa with fish cake was too sour, the apple suace for pork chop too sweet.",apple suace,negative,0,"Input: ""The decor is not special at all but their food and amazing prices make up for it.""
Term: decor
Output: negative
",3,"Input: ""when tables opened up, the manager sat another party before us.""
Term: tables
Output: neutral
",9,"Input: ""service is good although a bit in your face, we were asked every five mins if food was ok, but better that than being ignored.""
Term: service
Output: positive
",negative,prompt_single_term_fewshot,"Example 1:
Input: ""The decor is not special at all but their food and amazing prices make up for it.""
Term: decor
Output: negative


Example 2:
Input: ""when tables opened up, the manager sat another party before us.""
Term: tables
Output: neutral


Example 3
Input: ""service is good although a bit in your face, we were asked every five mins if food was ok, but better that than being ignored.""
Term: service
Output: positive

    
Task:
Input: The mango salsa with fish cake was too sour, the apple suace for pork chop too sweet.
Prompt: What is the sentiment in the text towards 'apple suace'? Only respond with ""positive"", ""negative"" or ""neutral"" as one word."
229,229,86,229,"The mango salsa with fish cake was too sour, the apple suace for pork chop too sweet.",pork chop,neutral,0,"Input: ""The decor is not special at all but their food and amazing prices make up for it.""
Term: decor
Output: negative
",3,"Input: ""when tables opened up, the manager sat another party before us.""
Term: tables
Output: neutral
",9,"Input: ""service is good although a bit in your face, we were asked every five mins if food was ok, but better that than being ignored.""
Term: service
Output: positive
",negative,prompt_single_term_fewshot,"Example 1:
Input: ""The decor is not special at all but their food and amazing prices make up for it.""
Term: decor
Output: negative


Example 2:
Input: ""when tables opened up, the manager sat another party before us.""
Term: tables
Output: neutral


Example 3
Input: ""service is good although a bit in your face, we were asked every five mins if food was ok, but better that than being ignored.""
Term: service
Output: positive

    
Task:
Input: The mango salsa with fish cake was too sour, the apple suace for pork chop too sweet.
Prompt: What is the sentiment in the text towards 'pork chop'? Only respond with ""positive"", ""negative"" or ""neutral"" as one word."
230,230,87,230,Had a mouthwatering sardinian Stuffed Squid and a Catfish fiumarola from Rome( think was capers and anchovies sauce).,sardinian Stuffed Squid,positive,0,"Input: ""The decor is not special at all but their food and amazing prices make up for it.""
Term: decor
Output: negative
",3,"Input: ""when tables opened up, the manager sat another party before us.""
Term: tables
Output: neutral
",9,"Input: ""service is good although a bit in your face, we were asked every five mins if food was ok, but better that than being ignored.""
Term: service
Output: positive
",positive,prompt_single_term_fewshot,"Example 1:
Input: ""The decor is not special at all but their food and amazing prices make up for it.""
Term: decor
Output: negative


Example 2:
Input: ""when tables opened up, the manager sat another party before us.""
Term: tables
Output: neutral


Example 3
Input: ""service is good although a bit in your face, we were asked every five mins if food was ok, but better that than being ignored.""
Term: service
Output: positive

    
Task:
Input: Had a mouthwatering sardinian Stuffed Squid and a Catfish fiumarola from Rome( think was capers and anchovies sauce).
Prompt: What is the sentiment in the text towards 'sardinian Stuffed Squid'? Only respond with ""positive"", ""negative"" or ""neutral"" as one word."
231,231,87,231,Had a mouthwatering sardinian Stuffed Squid and a Catfish fiumarola from Rome( think was capers and anchovies sauce).,Catfish,neutral,0,"Input: ""The decor is not special at all but their food and amazing prices make up for it.""
Term: decor
Output: negative
",3,"Input: ""when tables opened up, the manager sat another party before us.""
Term: tables
Output: neutral
",9,"Input: ""service is good although a bit in your face, we were asked every five mins if food was ok, but better that than being ignored.""
Term: service
Output: positive
",positive,prompt_single_term_fewshot,"Example 1:
Input: ""The decor is not special at all but their food and amazing prices make up for it.""
Term: decor
Output: negative


Example 2:
Input: ""when tables opened up, the manager sat another party before us.""
Term: tables
Output: neutral


Example 3
Input: ""service is good although a bit in your face, we were asked every five mins if food was ok, but better that than being ignored.""
Term: service
Output: positive

    
Task:
Input: Had a mouthwatering sardinian Stuffed Squid and a Catfish fiumarola from Rome( think was capers and anchovies sauce).
Prompt: What is the sentiment in the text towards 'Catfish'? Only respond with ""positive"", ""negative"" or ""neutral"" as one word."
232,232,87,232,Had a mouthwatering sardinian Stuffed Squid and a Catfish fiumarola from Rome( think was capers and anchovies sauce).,sauce,neutral,0,"Input: ""The decor is not special at all but their food and amazing prices make up for it.""
Term: decor
Output: negative
",3,"Input: ""when tables opened up, the manager sat another party before us.""
Term: tables
Output: neutral
",9,"Input: ""service is good although a bit in your face, we were asked every five mins if food was ok, but better that than being ignored.""
Term: service
Output: positive
",positive,prompt_single_term_fewshot,"Example 1:
Input: ""The decor is not special at all but their food and amazing prices make up for it.""
Term: decor
Output: negative


Example 2:
Input: ""when tables opened up, the manager sat another party before us.""
Term: tables
Output: neutral


Example 3
Input: ""service is good although a bit in your face, we were asked every five mins if food was ok, but better that than being ignored.""
Term: service
Output: positive

    
Task:
Input: Had a mouthwatering sardinian Stuffed Squid and a Catfish fiumarola from Rome( think was capers and anchovies sauce).
Prompt: What is the sentiment in the text towards 'sauce'? Only respond with ""positive"", ""negative"" or ""neutral"" as one word."
233,233,88,233,The waiter recommended I choose a bottle for the entire meal.,waiter,negative,0,"Input: ""The decor is not special at all but their food and amazing prices make up for it.""
Term: decor
Output: negative
",3,"Input: ""when tables opened up, the manager sat another party before us.""
Term: tables
Output: neutral
",9,"Input: ""service is good although a bit in your face, we were asked every five mins if food was ok, but better that than being ignored.""
Term: service
Output: positive
",positive,prompt_single_term_fewshot,"Example 1:
Input: ""The decor is not special at all but their food and amazing prices make up for it.""
Term: decor
Output: negative


Example 2:
Input: ""when tables opened up, the manager sat another party before us.""
Term: tables
Output: neutral


Example 3
Input: ""service is good although a bit in your face, we were asked every five mins if food was ok, but better that than being ignored.""
Term: service
Output: positive

    
Task:
Input: The waiter recommended I choose a bottle for the entire meal.
Prompt: What is the sentiment in the text towards 'waiter'? Only respond with ""positive"", ""negative"" or ""neutral"" as one word."
234,234,88,234,The waiter recommended I choose a bottle for the entire meal.,meal,neutral,0,"Input: ""The decor is not special at all but their food and amazing prices make up for it.""
Term: decor
Output: negative
",3,"Input: ""when tables opened up, the manager sat another party before us.""
Term: tables
Output: neutral
",9,"Input: ""service is good although a bit in your face, we were asked every five mins if food was ok, but better that than being ignored.""
Term: service
Output: positive
",neutral,prompt_single_term_fewshot,"Example 1:
Input: ""The decor is not special at all but their food and amazing prices make up for it.""
Term: decor
Output: negative


Example 2:
Input: ""when tables opened up, the manager sat another party before us.""
Term: tables
Output: neutral


Example 3
Input: ""service is good although a bit in your face, we were asked every five mins if food was ok, but better that than being ignored.""
Term: service
Output: positive

    
Task:
Input: The waiter recommended I choose a bottle for the entire meal.
Prompt: What is the sentiment in the text towards 'meal'? Only respond with ""positive"", ""negative"" or ""neutral"" as one word."
235,235,89,235,The Scene Hunky waiters dub diners darling and it sounds like they mean it.,Scene,neutral,0,"Input: ""The decor is not special at all but their food and amazing prices make up for it.""
Term: decor
Output: negative
",3,"Input: ""when tables opened up, the manager sat another party before us.""
Term: tables
Output: neutral
",9,"Input: ""service is good although a bit in your face, we were asked every five mins if food was ok, but better that than being ignored.""
Term: service
Output: positive
",positive,prompt_single_term_fewshot,"Example 1:
Input: ""The decor is not special at all but their food and amazing prices make up for it.""
Term: decor
Output: negative


Example 2:
Input: ""when tables opened up, the manager sat another party before us.""
Term: tables
Output: neutral


Example 3
Input: ""service is good although a bit in your face, we were asked every five mins if food was ok, but better that than being ignored.""
Term: service
Output: positive

    
Task:
Input: The Scene Hunky waiters dub diners darling and it sounds like they mean it.
Prompt: What is the sentiment in the text towards 'Scene'? Only respond with ""positive"", ""negative"" or ""neutral"" as one word."
236,236,89,236,The Scene Hunky waiters dub diners darling and it sounds like they mean it.,waiters,negative,0,"Input: ""The decor is not special at all but their food and amazing prices make up for it.""
Term: decor
Output: negative
",3,"Input: ""when tables opened up, the manager sat another party before us.""
Term: tables
Output: neutral
",9,"Input: ""service is good although a bit in your face, we were asked every five mins if food was ok, but better that than being ignored.""
Term: service
Output: positive
",positive,prompt_single_term_fewshot,"Example 1:
Input: ""The decor is not special at all but their food and amazing prices make up for it.""
Term: decor
Output: negative


Example 2:
Input: ""when tables opened up, the manager sat another party before us.""
Term: tables
Output: neutral


Example 3
Input: ""service is good although a bit in your face, we were asked every five mins if food was ok, but better that than being ignored.""
Term: service
Output: positive

    
Task:
Input: The Scene Hunky waiters dub diners darling and it sounds like they mean it.
Prompt: What is the sentiment in the text towards 'waiters'? Only respond with ""positive"", ""negative"" or ""neutral"" as one word."
237,237,89,237,The Scene Hunky waiters dub diners darling and it sounds like they mean it.,diners,neutral,0,"Input: ""The decor is not special at all but their food and amazing prices make up for it.""
Term: decor
Output: negative
",3,"Input: ""when tables opened up, the manager sat another party before us.""
Term: tables
Output: neutral
",9,"Input: ""service is good although a bit in your face, we were asked every five mins if food was ok, but better that than being ignored.""
Term: service
Output: positive
",positive,prompt_single_term_fewshot,"Example 1:
Input: ""The decor is not special at all but their food and amazing prices make up for it.""
Term: decor
Output: negative


Example 2:
Input: ""when tables opened up, the manager sat another party before us.""
Term: tables
Output: neutral


Example 3
Input: ""service is good although a bit in your face, we were asked every five mins if food was ok, but better that than being ignored.""
Term: service
Output: positive

    
Task:
Input: The Scene Hunky waiters dub diners darling and it sounds like they mean it.
Prompt: What is the sentiment in the text towards 'diners'? Only respond with ""positive"", ""negative"" or ""neutral"" as one word."
238,238,89,238,The Scene Hunky waiters dub diners darling and it sounds like they mean it.,darling,neutral,0,"Input: ""The decor is not special at all but their food and amazing prices make up for it.""
Term: decor
Output: negative
",3,"Input: ""when tables opened up, the manager sat another party before us.""
Term: tables
Output: neutral
",9,"Input: ""service is good although a bit in your face, we were asked every five mins if food was ok, but better that than being ignored.""
Term: service
Output: positive
",positive,prompt_single_term_fewshot,"Example 1:
Input: ""The decor is not special at all but their food and amazing prices make up for it.""
Term: decor
Output: negative


Example 2:
Input: ""when tables opened up, the manager sat another party before us.""
Term: tables
Output: neutral


Example 3
Input: ""service is good although a bit in your face, we were asked every five mins if food was ok, but better that than being ignored.""
Term: service
Output: positive

    
Task:
Input: The Scene Hunky waiters dub diners darling and it sounds like they mean it.
Prompt: What is the sentiment in the text towards 'darling'? Only respond with ""positive"", ""negative"" or ""neutral"" as one word."
239,239,90,239,The situation was verified by taking 3 dishes that were over an hour late off the bill and free desserts and coffee but the experience left most of us never wanting to go to the supposed hip cool 66 ever again.,dishes,neutral,0,"Input: ""The decor is not special at all but their food and amazing prices make up for it.""
Term: decor
Output: negative
",3,"Input: ""when tables opened up, the manager sat another party before us.""
Term: tables
Output: neutral
",9,"Input: ""service is good although a bit in your face, we were asked every five mins if food was ok, but better that than being ignored.""
Term: service
Output: positive
",negative,prompt_single_term_fewshot,"Example 1:
Input: ""The decor is not special at all but their food and amazing prices make up for it.""
Term: decor
Output: negative


Example 2:
Input: ""when tables opened up, the manager sat another party before us.""
Term: tables
Output: neutral


Example 3
Input: ""service is good although a bit in your face, we were asked every five mins if food was ok, but better that than being ignored.""
Term: service
Output: positive

    
Task:
Input: The situation was verified by taking 3 dishes that were over an hour late off the bill and free desserts and coffee but the experience left most of us never wanting to go to the supposed hip cool 66 ever again.
Prompt: What is the sentiment in the text towards 'dishes'? Only respond with ""positive"", ""negative"" or ""neutral"" as one word."
240,240,90,240,The situation was verified by taking 3 dishes that were over an hour late off the bill and free desserts and coffee but the experience left most of us never wanting to go to the supposed hip cool 66 ever again.,bill,neutral,0,"Input: ""The decor is not special at all but their food and amazing prices make up for it.""
Term: decor
Output: negative
",3,"Input: ""when tables opened up, the manager sat another party before us.""
Term: tables
Output: neutral
",9,"Input: ""service is good although a bit in your face, we were asked every five mins if food was ok, but better that than being ignored.""
Term: service
Output: positive
",positive,prompt_single_term_fewshot,"Example 1:
Input: ""The decor is not special at all but their food and amazing prices make up for it.""
Term: decor
Output: negative


Example 2:
Input: ""when tables opened up, the manager sat another party before us.""
Term: tables
Output: neutral


Example 3
Input: ""service is good although a bit in your face, we were asked every five mins if food was ok, but better that than being ignored.""
Term: service
Output: positive

    
Task:
Input: The situation was verified by taking 3 dishes that were over an hour late off the bill and free desserts and coffee but the experience left most of us never wanting to go to the supposed hip cool 66 ever again.
Prompt: What is the sentiment in the text towards 'bill'? Only respond with ""positive"", ""negative"" or ""neutral"" as one word."
241,241,90,241,The situation was verified by taking 3 dishes that were over an hour late off the bill and free desserts and coffee but the experience left most of us never wanting to go to the supposed hip cool 66 ever again.,desserts,positive,0,"Input: ""The decor is not special at all but their food and amazing prices make up for it.""
Term: decor
Output: negative
",3,"Input: ""when tables opened up, the manager sat another party before us.""
Term: tables
Output: neutral
",9,"Input: ""service is good although a bit in your face, we were asked every five mins if food was ok, but better that than being ignored.""
Term: service
Output: positive
",positive,prompt_single_term_fewshot,"Example 1:
Input: ""The decor is not special at all but their food and amazing prices make up for it.""
Term: decor
Output: negative


Example 2:
Input: ""when tables opened up, the manager sat another party before us.""
Term: tables
Output: neutral


Example 3
Input: ""service is good although a bit in your face, we were asked every five mins if food was ok, but better that than being ignored.""
Term: service
Output: positive

    
Task:
Input: The situation was verified by taking 3 dishes that were over an hour late off the bill and free desserts and coffee but the experience left most of us never wanting to go to the supposed hip cool 66 ever again.
Prompt: What is the sentiment in the text towards 'desserts'? Only respond with ""positive"", ""negative"" or ""neutral"" as one word."
242,242,91,242,After being ignored by our waiter we complained to the manager who assured us everything would improve.,waiter,negative,0,"Input: ""The decor is not special at all but their food and amazing prices make up for it.""
Term: decor
Output: negative
",3,"Input: ""when tables opened up, the manager sat another party before us.""
Term: tables
Output: neutral
",9,"Input: ""service is good although a bit in your face, we were asked every five mins if food was ok, but better that than being ignored.""
Term: service
Output: positive
",negative,prompt_single_term_fewshot,"Example 1:
Input: ""The decor is not special at all but their food and amazing prices make up for it.""
Term: decor
Output: negative


Example 2:
Input: ""when tables opened up, the manager sat another party before us.""
Term: tables
Output: neutral


Example 3
Input: ""service is good although a bit in your face, we were asked every five mins if food was ok, but better that than being ignored.""
Term: service
Output: positive

    
Task:
Input: After being ignored by our waiter we complained to the manager who assured us everything would improve.
Prompt: What is the sentiment in the text towards 'waiter'? Only respond with ""positive"", ""negative"" or ""neutral"" as one word."
243,243,91,243,After being ignored by our waiter we complained to the manager who assured us everything would improve.,manager,positive,0,"Input: ""The decor is not special at all but their food and amazing prices make up for it.""
Term: decor
Output: negative
",3,"Input: ""when tables opened up, the manager sat another party before us.""
Term: tables
Output: neutral
",9,"Input: ""service is good although a bit in your face, we were asked every five mins if food was ok, but better that than being ignored.""
Term: service
Output: positive
",positive,prompt_single_term_fewshot,"Example 1:
Input: ""The decor is not special at all but their food and amazing prices make up for it.""
Term: decor
Output: negative


Example 2:
Input: ""when tables opened up, the manager sat another party before us.""
Term: tables
Output: neutral


Example 3
Input: ""service is good although a bit in your face, we were asked every five mins if food was ok, but better that than being ignored.""
Term: service
Output: positive

    
Task:
Input: After being ignored by our waiter we complained to the manager who assured us everything would improve.
Prompt: What is the sentiment in the text towards 'manager'? Only respond with ""positive"", ""negative"" or ""neutral"" as one word."
244,244,92,244,Anyway we get a table and order some appetizers from one of the waitresses who was pleasently nice.,table,neutral,0,"Input: ""The decor is not special at all but their food and amazing prices make up for it.""
Term: decor
Output: negative
",3,"Input: ""when tables opened up, the manager sat another party before us.""
Term: tables
Output: neutral
",9,"Input: ""service is good although a bit in your face, we were asked every five mins if food was ok, but better that than being ignored.""
Term: service
Output: positive
",neutral,prompt_single_term_fewshot,"Example 1:
Input: ""The decor is not special at all but their food and amazing prices make up for it.""
Term: decor
Output: negative


Example 2:
Input: ""when tables opened up, the manager sat another party before us.""
Term: tables
Output: neutral


Example 3
Input: ""service is good although a bit in your face, we were asked every five mins if food was ok, but better that than being ignored.""
Term: service
Output: positive

    
Task:
Input: Anyway we get a table and order some appetizers from one of the waitresses who was pleasently nice.
Prompt: What is the sentiment in the text towards 'table'? Only respond with ""positive"", ""negative"" or ""neutral"" as one word."
245,245,92,245,Anyway we get a table and order some appetizers from one of the waitresses who was pleasently nice.,appetizers,neutral,0,"Input: ""The decor is not special at all but their food and amazing prices make up for it.""
Term: decor
Output: negative
",3,"Input: ""when tables opened up, the manager sat another party before us.""
Term: tables
Output: neutral
",9,"Input: ""service is good although a bit in your face, we were asked every five mins if food was ok, but better that than being ignored.""
Term: service
Output: positive
",neutral,prompt_single_term_fewshot,"Example 1:
Input: ""The decor is not special at all but their food and amazing prices make up for it.""
Term: decor
Output: negative


Example 2:
Input: ""when tables opened up, the manager sat another party before us.""
Term: tables
Output: neutral


Example 3
Input: ""service is good although a bit in your face, we were asked every five mins if food was ok, but better that than being ignored.""
Term: service
Output: positive

    
Task:
Input: Anyway we get a table and order some appetizers from one of the waitresses who was pleasently nice.
Prompt: What is the sentiment in the text towards 'appetizers'? Only respond with ""positive"", ""negative"" or ""neutral"" as one word."
246,246,92,246,Anyway we get a table and order some appetizers from one of the waitresses who was pleasently nice.,waitresses,positive,0,"Input: ""The decor is not special at all but their food and amazing prices make up for it.""
Term: decor
Output: negative
",3,"Input: ""when tables opened up, the manager sat another party before us.""
Term: tables
Output: neutral
",9,"Input: ""service is good although a bit in your face, we were asked every five mins if food was ok, but better that than being ignored.""
Term: service
Output: positive
",positive,prompt_single_term_fewshot,"Example 1:
Input: ""The decor is not special at all but their food and amazing prices make up for it.""
Term: decor
Output: negative


Example 2:
Input: ""when tables opened up, the manager sat another party before us.""
Term: tables
Output: neutral


Example 3
Input: ""service is good although a bit in your face, we were asked every five mins if food was ok, but better that than being ignored.""
Term: service
Output: positive

    
Task:
Input: Anyway we get a table and order some appetizers from one of the waitresses who was pleasently nice.
Prompt: What is the sentiment in the text towards 'waitresses'? Only respond with ""positive"", ""negative"" or ""neutral"" as one word."
247,247,93,247,"The round pizza doesn't taste as good as I recall, it's still wonderful, but the Sicilian is to die for.",round pizza,negative,0,"Input: ""The decor is not special at all but their food and amazing prices make up for it.""
Term: decor
Output: negative
",3,"Input: ""when tables opened up, the manager sat another party before us.""
Term: tables
Output: neutral
",9,"Input: ""service is good although a bit in your face, we were asked every five mins if food was ok, but better that than being ignored.""
Term: service
Output: positive
",negative,prompt_single_term_fewshot,"Example 1:
Input: ""The decor is not special at all but their food and amazing prices make up for it.""
Term: decor
Output: negative


Example 2:
Input: ""when tables opened up, the manager sat another party before us.""
Term: tables
Output: neutral


Example 3
Input: ""service is good although a bit in your face, we were asked every five mins if food was ok, but better that than being ignored.""
Term: service
Output: positive

    
Task:
Input: The round pizza doesn't taste as good as I recall, it's still wonderful, but the Sicilian is to die for.
Prompt: What is the sentiment in the text towards 'round pizza'? Only respond with ""positive"", ""negative"" or ""neutral"" as one word."
248,248,93,248,"The round pizza doesn't taste as good as I recall, it's still wonderful, but the Sicilian is to die for.",Sicilian,positive,0,"Input: ""The decor is not special at all but their food and amazing prices make up for it.""
Term: decor
Output: negative
",3,"Input: ""when tables opened up, the manager sat another party before us.""
Term: tables
Output: neutral
",9,"Input: ""service is good although a bit in your face, we were asked every five mins if food was ok, but better that than being ignored.""
Term: service
Output: positive
",positive,prompt_single_term_fewshot,"Example 1:
Input: ""The decor is not special at all but their food and amazing prices make up for it.""
Term: decor
Output: negative


Example 2:
Input: ""when tables opened up, the manager sat another party before us.""
Term: tables
Output: neutral


Example 3
Input: ""service is good although a bit in your face, we were asked every five mins if food was ok, but better that than being ignored.""
Term: service
Output: positive

    
Task:
Input: The round pizza doesn't taste as good as I recall, it's still wonderful, but the Sicilian is to die for.
Prompt: What is the sentiment in the text towards 'Sicilian'? Only respond with ""positive"", ""negative"" or ""neutral"" as one word."
249,249,94,249,My vegetable Napoleon was good; although i first got the veggie burger because the waitress mis-heard and stood my friend up for another 15 minutes of waiting to have it served.,vegetable Napoleon,positive,0,"Input: ""The decor is not special at all but their food and amazing prices make up for it.""
Term: decor
Output: negative
",3,"Input: ""when tables opened up, the manager sat another party before us.""
Term: tables
Output: neutral
",9,"Input: ""service is good although a bit in your face, we were asked every five mins if food was ok, but better that than being ignored.""
Term: service
Output: positive
",positive,prompt_single_term_fewshot,"Example 1:
Input: ""The decor is not special at all but their food and amazing prices make up for it.""
Term: decor
Output: negative


Example 2:
Input: ""when tables opened up, the manager sat another party before us.""
Term: tables
Output: neutral


Example 3
Input: ""service is good although a bit in your face, we were asked every five mins if food was ok, but better that than being ignored.""
Term: service
Output: positive

    
Task:
Input: My vegetable Napoleon was good; although i first got the veggie burger because the waitress mis-heard and stood my friend up for another 15 minutes of waiting to have it served.
Prompt: What is the sentiment in the text towards 'vegetable Napoleon'? Only respond with ""positive"", ""negative"" or ""neutral"" as one word."
250,250,94,250,My vegetable Napoleon was good; although i first got the veggie burger because the waitress mis-heard and stood my friend up for another 15 minutes of waiting to have it served.,veggie burger,neutral,0,"Input: ""The decor is not special at all but their food and amazing prices make up for it.""
Term: decor
Output: negative
",3,"Input: ""when tables opened up, the manager sat another party before us.""
Term: tables
Output: neutral
",9,"Input: ""service is good although a bit in your face, we were asked every five mins if food was ok, but better that than being ignored.""
Term: service
Output: positive
",neutral,prompt_single_term_fewshot,"Example 1:
Input: ""The decor is not special at all but their food and amazing prices make up for it.""
Term: decor
Output: negative


Example 2:
Input: ""when tables opened up, the manager sat another party before us.""
Term: tables
Output: neutral


Example 3
Input: ""service is good although a bit in your face, we were asked every five mins if food was ok, but better that than being ignored.""
Term: service
Output: positive

    
Task:
Input: My vegetable Napoleon was good; although i first got the veggie burger because the waitress mis-heard and stood my friend up for another 15 minutes of waiting to have it served.
Prompt: What is the sentiment in the text towards 'veggie burger'? Only respond with ""positive"", ""negative"" or ""neutral"" as one word."
251,251,94,251,My vegetable Napoleon was good; although i first got the veggie burger because the waitress mis-heard and stood my friend up for another 15 minutes of waiting to have it served.,waiting,negative,0,"Input: ""The decor is not special at all but their food and amazing prices make up for it.""
Term: decor
Output: negative
",3,"Input: ""when tables opened up, the manager sat another party before us.""
Term: tables
Output: neutral
",9,"Input: ""service is good although a bit in your face, we were asked every five mins if food was ok, but better that than being ignored.""
Term: service
Output: positive
",negative,prompt_single_term_fewshot,"Example 1:
Input: ""The decor is not special at all but their food and amazing prices make up for it.""
Term: decor
Output: negative


Example 2:
Input: ""when tables opened up, the manager sat another party before us.""
Term: tables
Output: neutral


Example 3
Input: ""service is good although a bit in your face, we were asked every five mins if food was ok, but better that than being ignored.""
Term: service
Output: positive

    
Task:
Input: My vegetable Napoleon was good; although i first got the veggie burger because the waitress mis-heard and stood my friend up for another 15 minutes of waiting to have it served.
Prompt: What is the sentiment in the text towards 'waiting'? Only respond with ""positive"", ""negative"" or ""neutral"" as one word."
252,252,95,252,Our waitress did not take our drink order until I finally flagged her down and even then she seemed disinterested in our meal.,waitress,negative,0,"Input: ""The decor is not special at all but their food and amazing prices make up for it.""
Term: decor
Output: negative
",3,"Input: ""when tables opened up, the manager sat another party before us.""
Term: tables
Output: neutral
",9,"Input: ""service is good although a bit in your face, we were asked every five mins if food was ok, but better that than being ignored.""
Term: service
Output: positive
",negative,prompt_single_term_fewshot,"Example 1:
Input: ""The decor is not special at all but their food and amazing prices make up for it.""
Term: decor
Output: negative


Example 2:
Input: ""when tables opened up, the manager sat another party before us.""
Term: tables
Output: neutral


Example 3
Input: ""service is good although a bit in your face, we were asked every five mins if food was ok, but better that than being ignored.""
Term: service
Output: positive

    
Task:
Input: Our waitress did not take our drink order until I finally flagged her down and even then she seemed disinterested in our meal.
Prompt: What is the sentiment in the text towards 'waitress'? Only respond with ""positive"", ""negative"" or ""neutral"" as one word."
253,253,95,253,Our waitress did not take our drink order until I finally flagged her down and even then she seemed disinterested in our meal.,drink,neutral,0,"Input: ""The decor is not special at all but their food and amazing prices make up for it.""
Term: decor
Output: negative
",3,"Input: ""when tables opened up, the manager sat another party before us.""
Term: tables
Output: neutral
",9,"Input: ""service is good although a bit in your face, we were asked every five mins if food was ok, but better that than being ignored.""
Term: service
Output: positive
",negative,prompt_single_term_fewshot,"Example 1:
Input: ""The decor is not special at all but their food and amazing prices make up for it.""
Term: decor
Output: negative


Example 2:
Input: ""when tables opened up, the manager sat another party before us.""
Term: tables
Output: neutral


Example 3
Input: ""service is good although a bit in your face, we were asked every five mins if food was ok, but better that than being ignored.""
Term: service
Output: positive

    
Task:
Input: Our waitress did not take our drink order until I finally flagged her down and even then she seemed disinterested in our meal.
Prompt: What is the sentiment in the text towards 'drink'? Only respond with ""positive"", ""negative"" or ""neutral"" as one word."
254,254,95,254,Our waitress did not take our drink order until I finally flagged her down and even then she seemed disinterested in our meal.,meal,negative,0,"Input: ""The decor is not special at all but their food and amazing prices make up for it.""
Term: decor
Output: negative
",3,"Input: ""when tables opened up, the manager sat another party before us.""
Term: tables
Output: neutral
",9,"Input: ""service is good although a bit in your face, we were asked every five mins if food was ok, but better that than being ignored.""
Term: service
Output: positive
",negative,prompt_single_term_fewshot,"Example 1:
Input: ""The decor is not special at all but their food and amazing prices make up for it.""
Term: decor
Output: negative


Example 2:
Input: ""when tables opened up, the manager sat another party before us.""
Term: tables
Output: neutral


Example 3
Input: ""service is good although a bit in your face, we were asked every five mins if food was ok, but better that than being ignored.""
Term: service
Output: positive

    
Task:
Input: Our waitress did not take our drink order until I finally flagged her down and even then she seemed disinterested in our meal.
Prompt: What is the sentiment in the text towards 'meal'? Only respond with ""positive"", ""negative"" or ""neutral"" as one word."
255,255,96,255,"I would have told the wait staff if anyone had asked me if I enjoyed my meal, but no one asked.",wait staff,negative,0,"Input: ""The decor is not special at all but their food and amazing prices make up for it.""
Term: decor
Output: negative
",3,"Input: ""when tables opened up, the manager sat another party before us.""
Term: tables
Output: neutral
",9,"Input: ""service is good although a bit in your face, we were asked every five mins if food was ok, but better that than being ignored.""
Term: service
Output: positive
",negative,prompt_single_term_fewshot,"Example 1:
Input: ""The decor is not special at all but their food and amazing prices make up for it.""
Term: decor
Output: negative


Example 2:
Input: ""when tables opened up, the manager sat another party before us.""
Term: tables
Output: neutral


Example 3
Input: ""service is good although a bit in your face, we were asked every five mins if food was ok, but better that than being ignored.""
Term: service
Output: positive

    
Task:
Input: I would have told the wait staff if anyone had asked me if I enjoyed my meal, but no one asked.
Prompt: What is the sentiment in the text towards 'wait staff'? Only respond with ""positive"", ""negative"" or ""neutral"" as one word."
256,256,96,256,"I would have told the wait staff if anyone had asked me if I enjoyed my meal, but no one asked.",meal,positive,0,"Input: ""The decor is not special at all but their food and amazing prices make up for it.""
Term: decor
Output: negative
",3,"Input: ""when tables opened up, the manager sat another party before us.""
Term: tables
Output: neutral
",9,"Input: ""service is good although a bit in your face, we were asked every five mins if food was ok, but better that than being ignored.""
Term: service
Output: positive
",neutral,prompt_single_term_fewshot,"Example 1:
Input: ""The decor is not special at all but their food and amazing prices make up for it.""
Term: decor
Output: negative


Example 2:
Input: ""when tables opened up, the manager sat another party before us.""
Term: tables
Output: neutral


Example 3
Input: ""service is good although a bit in your face, we were asked every five mins if food was ok, but better that than being ignored.""
Term: service
Output: positive

    
Task:
Input: I would have told the wait staff if anyone had asked me if I enjoyed my meal, but no one asked.
Prompt: What is the sentiment in the text towards 'meal'? Only respond with ""positive"", ""negative"" or ""neutral"" as one word."
257,257,97,257,Telly's has the best octopus ever and the fish was so good on the grill.,fish,positive,0,"Input: ""The decor is not special at all but their food and amazing prices make up for it.""
Term: decor
Output: negative
",3,"Input: ""when tables opened up, the manager sat another party before us.""
Term: tables
Output: neutral
",9,"Input: ""service is good although a bit in your face, we were asked every five mins if food was ok, but better that than being ignored.""
Term: service
Output: positive
",positive,prompt_single_term_fewshot,"Example 1:
Input: ""The decor is not special at all but their food and amazing prices make up for it.""
Term: decor
Output: negative


Example 2:
Input: ""when tables opened up, the manager sat another party before us.""
Term: tables
Output: neutral


Example 3
Input: ""service is good although a bit in your face, we were asked every five mins if food was ok, but better that than being ignored.""
Term: service
Output: positive

    
Task:
Input: Telly's has the best octopus ever and the fish was so good on the grill.
Prompt: What is the sentiment in the text towards 'fish'? Only respond with ""positive"", ""negative"" or ""neutral"" as one word."
258,258,97,258,Telly's has the best octopus ever and the fish was so good on the grill.,grill,neutral,0,"Input: ""The decor is not special at all but their food and amazing prices make up for it.""
Term: decor
Output: negative
",3,"Input: ""when tables opened up, the manager sat another party before us.""
Term: tables
Output: neutral
",9,"Input: ""service is good although a bit in your face, we were asked every five mins if food was ok, but better that than being ignored.""
Term: service
Output: positive
",positive,prompt_single_term_fewshot,"Example 1:
Input: ""The decor is not special at all but their food and amazing prices make up for it.""
Term: decor
Output: negative


Example 2:
Input: ""when tables opened up, the manager sat another party before us.""
Term: tables
Output: neutral


Example 3
Input: ""service is good although a bit in your face, we were asked every five mins if food was ok, but better that than being ignored.""
Term: service
Output: positive

    
Task:
Input: Telly's has the best octopus ever and the fish was so good on the grill.
Prompt: What is the sentiment in the text towards 'grill'? Only respond with ""positive"", ""negative"" or ""neutral"" as one word."
259,259,98,259,"Food was much better than the average Indian place in the area, and more interesting.",Food,positive,0,"Input: ""The decor is not special at all but their food and amazing prices make up for it.""
Term: decor
Output: negative
",3,"Input: ""when tables opened up, the manager sat another party before us.""
Term: tables
Output: neutral
",9,"Input: ""service is good although a bit in your face, we were asked every five mins if food was ok, but better that than being ignored.""
Term: service
Output: positive
",positive,prompt_single_term_fewshot,"Example 1:
Input: ""The decor is not special at all but their food and amazing prices make up for it.""
Term: decor
Output: negative


Example 2:
Input: ""when tables opened up, the manager sat another party before us.""
Term: tables
Output: neutral


Example 3
Input: ""service is good although a bit in your face, we were asked every five mins if food was ok, but better that than being ignored.""
Term: service
Output: positive

    
Task:
Input: Food was much better than the average Indian place in the area, and more interesting.
Prompt: What is the sentiment in the text towards 'Food'? Only respond with ""positive"", ""negative"" or ""neutral"" as one word."
260,260,98,260,"Food was much better than the average Indian place in the area, and more interesting.",area,neutral,0,"Input: ""The decor is not special at all but their food and amazing prices make up for it.""
Term: decor
Output: negative
",3,"Input: ""when tables opened up, the manager sat another party before us.""
Term: tables
Output: neutral
",9,"Input: ""service is good although a bit in your face, we were asked every five mins if food was ok, but better that than being ignored.""
Term: service
Output: positive
",neutral,prompt_single_term_fewshot,"Example 1:
Input: ""The decor is not special at all but their food and amazing prices make up for it.""
Term: decor
Output: negative


Example 2:
Input: ""when tables opened up, the manager sat another party before us.""
Term: tables
Output: neutral


Example 3
Input: ""service is good although a bit in your face, we were asked every five mins if food was ok, but better that than being ignored.""
Term: service
Output: positive

    
Task:
Input: Food was much better than the average Indian place in the area, and more interesting.
Prompt: What is the sentiment in the text towards 'area'? Only respond with ""positive"", ""negative"" or ""neutral"" as one word."
261,261,99,261,"The meat, onions, and cheese were good as was the roll, but I'd go back if I could forego the sauce.",meat,positive,0,"Input: ""The decor is not special at all but their food and amazing prices make up for it.""
Term: decor
Output: negative
",3,"Input: ""when tables opened up, the manager sat another party before us.""
Term: tables
Output: neutral
",9,"Input: ""service is good although a bit in your face, we were asked every five mins if food was ok, but better that than being ignored.""
Term: service
Output: positive
",positive,prompt_single_term_fewshot,"Example 1:
Input: ""The decor is not special at all but their food and amazing prices make up for it.""
Term: decor
Output: negative


Example 2:
Input: ""when tables opened up, the manager sat another party before us.""
Term: tables
Output: neutral


Example 3
Input: ""service is good although a bit in your face, we were asked every five mins if food was ok, but better that than being ignored.""
Term: service
Output: positive

    
Task:
Input: The meat, onions, and cheese were good as was the roll, but I'd go back if I could forego the sauce.
Prompt: What is the sentiment in the text towards 'meat'? Only respond with ""positive"", ""negative"" or ""neutral"" as one word."
262,262,99,262,"The meat, onions, and cheese were good as was the roll, but I'd go back if I could forego the sauce.",cheese,positive,0,"Input: ""The decor is not special at all but their food and amazing prices make up for it.""
Term: decor
Output: negative
",3,"Input: ""when tables opened up, the manager sat another party before us.""
Term: tables
Output: neutral
",9,"Input: ""service is good although a bit in your face, we were asked every five mins if food was ok, but better that than being ignored.""
Term: service
Output: positive
",positive,prompt_single_term_fewshot,"Example 1:
Input: ""The decor is not special at all but their food and amazing prices make up for it.""
Term: decor
Output: negative


Example 2:
Input: ""when tables opened up, the manager sat another party before us.""
Term: tables
Output: neutral


Example 3
Input: ""service is good although a bit in your face, we were asked every five mins if food was ok, but better that than being ignored.""
Term: service
Output: positive

    
Task:
Input: The meat, onions, and cheese were good as was the roll, but I'd go back if I could forego the sauce.
Prompt: What is the sentiment in the text towards 'cheese'? Only respond with ""positive"", ""negative"" or ""neutral"" as one word."
263,263,99,263,"The meat, onions, and cheese were good as was the roll, but I'd go back if I could forego the sauce.",sauce,neutral,0,"Input: ""The decor is not special at all but their food and amazing prices make up for it.""
Term: decor
Output: negative
",3,"Input: ""when tables opened up, the manager sat another party before us.""
Term: tables
Output: neutral
",9,"Input: ""service is good although a bit in your face, we were asked every five mins if food was ok, but better that than being ignored.""
Term: service
Output: positive
",negative,prompt_single_term_fewshot,"Example 1:
Input: ""The decor is not special at all but their food and amazing prices make up for it.""
Term: decor
Output: negative


Example 2:
Input: ""when tables opened up, the manager sat another party before us.""
Term: tables
Output: neutral


Example 3
Input: ""service is good although a bit in your face, we were asked every five mins if food was ok, but better that than being ignored.""
Term: service
Output: positive

    
Task:
Input: The meat, onions, and cheese were good as was the roll, but I'd go back if I could forego the sauce.
Prompt: What is the sentiment in the text towards 'sauce'? Only respond with ""positive"", ""negative"" or ""neutral"" as one word."
264,264,100,264,"My party felt like we got put in a dining room for tourist, which must have been the penalty box area for the disgruntled wait staff on duty.",dining room,neutral,0,"Input: ""The decor is not special at all but their food and amazing prices make up for it.""
Term: decor
Output: negative
",3,"Input: ""when tables opened up, the manager sat another party before us.""
Term: tables
Output: neutral
",9,"Input: ""service is good although a bit in your face, we were asked every five mins if food was ok, but better that than being ignored.""
Term: service
Output: positive
",negative,prompt_single_term_fewshot,"Example 1:
Input: ""The decor is not special at all but their food and amazing prices make up for it.""
Term: decor
Output: negative


Example 2:
Input: ""when tables opened up, the manager sat another party before us.""
Term: tables
Output: neutral


Example 3
Input: ""service is good although a bit in your face, we were asked every five mins if food was ok, but better that than being ignored.""
Term: service
Output: positive

    
Task:
Input: My party felt like we got put in a dining room for tourist, which must have been the penalty box area for the disgruntled wait staff on duty.
Prompt: What is the sentiment in the text towards 'dining room'? Only respond with ""positive"", ""negative"" or ""neutral"" as one word."
265,265,100,265,"My party felt like we got put in a dining room for tourist, which must have been the penalty box area for the disgruntled wait staff on duty.",wait staff,negative,0,"Input: ""The decor is not special at all but their food and amazing prices make up for it.""
Term: decor
Output: negative
",3,"Input: ""when tables opened up, the manager sat another party before us.""
Term: tables
Output: neutral
",9,"Input: ""service is good although a bit in your face, we were asked every five mins if food was ok, but better that than being ignored.""
Term: service
Output: positive
",negative,prompt_single_term_fewshot,"Example 1:
Input: ""The decor is not special at all but their food and amazing prices make up for it.""
Term: decor
Output: negative


Example 2:
Input: ""when tables opened up, the manager sat another party before us.""
Term: tables
Output: neutral


Example 3
Input: ""service is good although a bit in your face, we were asked every five mins if food was ok, but better that than being ignored.""
Term: service
Output: positive

    
Task:
Input: My party felt like we got put in a dining room for tourist, which must have been the penalty box area for the disgruntled wait staff on duty.
Prompt: What is the sentiment in the text towards 'wait staff'? Only respond with ""positive"", ""negative"" or ""neutral"" as one word."
266,266,101,266,"went there for sunday brunch after a wonderful massage - the food was terrible-bland/tasteless, cold, expensive.",brunch,neutral,0,"Input: ""The decor is not special at all but their food and amazing prices make up for it.""
Term: decor
Output: negative
",3,"Input: ""when tables opened up, the manager sat another party before us.""
Term: tables
Output: neutral
",9,"Input: ""service is good although a bit in your face, we were asked every five mins if food was ok, but better that than being ignored.""
Term: service
Output: positive
",negative,prompt_single_term_fewshot,"Example 1:
Input: ""The decor is not special at all but their food and amazing prices make up for it.""
Term: decor
Output: negative


Example 2:
Input: ""when tables opened up, the manager sat another party before us.""
Term: tables
Output: neutral


Example 3
Input: ""service is good although a bit in your face, we were asked every five mins if food was ok, but better that than being ignored.""
Term: service
Output: positive

    
Task:
Input: went there for sunday brunch after a wonderful massage - the food was terrible-bland/tasteless, cold, expensive.
Prompt: What is the sentiment in the text towards 'brunch'? Only respond with ""positive"", ""negative"" or ""neutral"" as one word."
267,267,101,267,"went there for sunday brunch after a wonderful massage - the food was terrible-bland/tasteless, cold, expensive.",food,negative,0,"Input: ""The decor is not special at all but their food and amazing prices make up for it.""
Term: decor
Output: negative
",3,"Input: ""when tables opened up, the manager sat another party before us.""
Term: tables
Output: neutral
",9,"Input: ""service is good although a bit in your face, we were asked every five mins if food was ok, but better that than being ignored.""
Term: service
Output: positive
",negative,prompt_single_term_fewshot,"Example 1:
Input: ""The decor is not special at all but their food and amazing prices make up for it.""
Term: decor
Output: negative


Example 2:
Input: ""when tables opened up, the manager sat another party before us.""
Term: tables
Output: neutral


Example 3
Input: ""service is good although a bit in your face, we were asked every five mins if food was ok, but better that than being ignored.""
Term: service
Output: positive

    
Task:
Input: went there for sunday brunch after a wonderful massage - the food was terrible-bland/tasteless, cold, expensive.
Prompt: What is the sentiment in the text towards 'food'? Only respond with ""positive"", ""negative"" or ""neutral"" as one word."
268,268,102,268,"about 10 minutes apart each, so we were all eating cold eggs by the time we got our food.",eggs,negative,0,"Input: ""The decor is not special at all but their food and amazing prices make up for it.""
Term: decor
Output: negative
",3,"Input: ""when tables opened up, the manager sat another party before us.""
Term: tables
Output: neutral
",9,"Input: ""service is good although a bit in your face, we were asked every five mins if food was ok, but better that than being ignored.""
Term: service
Output: positive
",negative,prompt_single_term_fewshot,"Example 1:
Input: ""The decor is not special at all but their food and amazing prices make up for it.""
Term: decor
Output: negative


Example 2:
Input: ""when tables opened up, the manager sat another party before us.""
Term: tables
Output: neutral


Example 3
Input: ""service is good although a bit in your face, we were asked every five mins if food was ok, but better that than being ignored.""
Term: service
Output: positive

    
Task:
Input: about 10 minutes apart each, so we were all eating cold eggs by the time we got our food.
Prompt: What is the sentiment in the text towards 'eggs'? Only respond with ""positive"", ""negative"" or ""neutral"" as one word."
269,269,102,269,"about 10 minutes apart each, so we were all eating cold eggs by the time we got our food.",food,neutral,0,"Input: ""The decor is not special at all but their food and amazing prices make up for it.""
Term: decor
Output: negative
",3,"Input: ""when tables opened up, the manager sat another party before us.""
Term: tables
Output: neutral
",9,"Input: ""service is good although a bit in your face, we were asked every five mins if food was ok, but better that than being ignored.""
Term: service
Output: positive
",negative,prompt_single_term_fewshot,"Example 1:
Input: ""The decor is not special at all but their food and amazing prices make up for it.""
Term: decor
Output: negative


Example 2:
Input: ""when tables opened up, the manager sat another party before us.""
Term: tables
Output: neutral


Example 3
Input: ""service is good although a bit in your face, we were asked every five mins if food was ok, but better that than being ignored.""
Term: service
Output: positive

    
Task:
Input: about 10 minutes apart each, so we were all eating cold eggs by the time we got our food.
Prompt: What is the sentiment in the text towards 'food'? Only respond with ""positive"", ""negative"" or ""neutral"" as one word."
270,270,103,270,"After our meal,the manager, even took some of his time to sit with us and give us a lesson in Sake 101.",meal,neutral,0,"Input: ""The decor is not special at all but their food and amazing prices make up for it.""
Term: decor
Output: negative
",3,"Input: ""when tables opened up, the manager sat another party before us.""
Term: tables
Output: neutral
",9,"Input: ""service is good although a bit in your face, we were asked every five mins if food was ok, but better that than being ignored.""
Term: service
Output: positive
",neutral,prompt_single_term_fewshot,"Example 1:
Input: ""The decor is not special at all but their food and amazing prices make up for it.""
Term: decor
Output: negative


Example 2:
Input: ""when tables opened up, the manager sat another party before us.""
Term: tables
Output: neutral


Example 3
Input: ""service is good although a bit in your face, we were asked every five mins if food was ok, but better that than being ignored.""
Term: service
Output: positive

    
Task:
Input: After our meal,the manager, even took some of his time to sit with us and give us a lesson in Sake 101.
Prompt: What is the sentiment in the text towards 'meal'? Only respond with ""positive"", ""negative"" or ""neutral"" as one word."
271,271,103,271,"After our meal,the manager, even took some of his time to sit with us and give us a lesson in Sake 101.",manager,positive,0,"Input: ""The decor is not special at all but their food and amazing prices make up for it.""
Term: decor
Output: negative
",3,"Input: ""when tables opened up, the manager sat another party before us.""
Term: tables
Output: neutral
",9,"Input: ""service is good although a bit in your face, we were asked every five mins if food was ok, but better that than being ignored.""
Term: service
Output: positive
",positive,prompt_single_term_fewshot,"Example 1:
Input: ""The decor is not special at all but their food and amazing prices make up for it.""
Term: decor
Output: negative


Example 2:
Input: ""when tables opened up, the manager sat another party before us.""
Term: tables
Output: neutral


Example 3
Input: ""service is good although a bit in your face, we were asked every five mins if food was ok, but better that than being ignored.""
Term: service
Output: positive

    
Task:
Input: After our meal,the manager, even took some of his time to sit with us and give us a lesson in Sake 101.
Prompt: What is the sentiment in the text towards 'manager'? Only respond with ""positive"", ""negative"" or ""neutral"" as one word."
272,272,104,272,"Food was average, the appetizers were better than the main courses.",appetizers,positive,0,"Input: ""The decor is not special at all but their food and amazing prices make up for it.""
Term: decor
Output: negative
",3,"Input: ""when tables opened up, the manager sat another party before us.""
Term: tables
Output: neutral
",9,"Input: ""service is good although a bit in your face, we were asked every five mins if food was ok, but better that than being ignored.""
Term: service
Output: positive
",positive,prompt_single_term_fewshot,"Example 1:
Input: ""The decor is not special at all but their food and amazing prices make up for it.""
Term: decor
Output: negative


Example 2:
Input: ""when tables opened up, the manager sat another party before us.""
Term: tables
Output: neutral


Example 3
Input: ""service is good although a bit in your face, we were asked every five mins if food was ok, but better that than being ignored.""
Term: service
Output: positive

    
Task:
Input: Food was average, the appetizers were better than the main courses.
Prompt: What is the sentiment in the text towards 'appetizers'? Only respond with ""positive"", ""negative"" or ""neutral"" as one word."
273,273,104,273,"Food was average, the appetizers were better than the main courses.",main courses,neutral,0,"Input: ""The decor is not special at all but their food and amazing prices make up for it.""
Term: decor
Output: negative
",3,"Input: ""when tables opened up, the manager sat another party before us.""
Term: tables
Output: neutral
",9,"Input: ""service is good although a bit in your face, we were asked every five mins if food was ok, but better that than being ignored.""
Term: service
Output: positive
",negative,prompt_single_term_fewshot,"Example 1:
Input: ""The decor is not special at all but their food and amazing prices make up for it.""
Term: decor
Output: negative


Example 2:
Input: ""when tables opened up, the manager sat another party before us.""
Term: tables
Output: neutral


Example 3
Input: ""service is good although a bit in your face, we were asked every five mins if food was ok, but better that than being ignored.""
Term: service
Output: positive

    
Task:
Input: Food was average, the appetizers were better than the main courses.
Prompt: What is the sentiment in the text towards 'main courses'? Only respond with ""positive"", ""negative"" or ""neutral"" as one word."
274,274,105,274,"The Scene Shun Lee Palace is popular with midtown locals, possibly because the upscale room means you can impress a client and have Chinese for lunch at the same time.",Scene,positive,0,"Input: ""The decor is not special at all but their food and amazing prices make up for it.""
Term: decor
Output: negative
",3,"Input: ""when tables opened up, the manager sat another party before us.""
Term: tables
Output: neutral
",9,"Input: ""service is good although a bit in your face, we were asked every five mins if food was ok, but better that than being ignored.""
Term: service
Output: positive
",positive,prompt_single_term_fewshot,"Example 1:
Input: ""The decor is not special at all but their food and amazing prices make up for it.""
Term: decor
Output: negative


Example 2:
Input: ""when tables opened up, the manager sat another party before us.""
Term: tables
Output: neutral


Example 3
Input: ""service is good although a bit in your face, we were asked every five mins if food was ok, but better that than being ignored.""
Term: service
Output: positive

    
Task:
Input: The Scene Shun Lee Palace is popular with midtown locals, possibly because the upscale room means you can impress a client and have Chinese for lunch at the same time.
Prompt: What is the sentiment in the text towards 'Scene'? Only respond with ""positive"", ""negative"" or ""neutral"" as one word."
275,275,105,275,"The Scene Shun Lee Palace is popular with midtown locals, possibly because the upscale room means you can impress a client and have Chinese for lunch at the same time.",lunch,neutral,0,"Input: ""The decor is not special at all but their food and amazing prices make up for it.""
Term: decor
Output: negative
",3,"Input: ""when tables opened up, the manager sat another party before us.""
Term: tables
Output: neutral
",9,"Input: ""service is good although a bit in your face, we were asked every five mins if food was ok, but better that than being ignored.""
Term: service
Output: positive
",positive,prompt_single_term_fewshot,"Example 1:
Input: ""The decor is not special at all but their food and amazing prices make up for it.""
Term: decor
Output: negative


Example 2:
Input: ""when tables opened up, the manager sat another party before us.""
Term: tables
Output: neutral


Example 3
Input: ""service is good although a bit in your face, we were asked every five mins if food was ok, but better that than being ignored.""
Term: service
Output: positive

    
Task:
Input: The Scene Shun Lee Palace is popular with midtown locals, possibly because the upscale room means you can impress a client and have Chinese for lunch at the same time.
Prompt: What is the sentiment in the text towards 'lunch'? Only respond with ""positive"", ""negative"" or ""neutral"" as one word."
276,276,106,276,If you don't want to wait 45 minutes for a table or a long time for service then don't go @ 9pm on a Friday or Saturday night.,table,neutral,0,"Input: ""The decor is not special at all but their food and amazing prices make up for it.""
Term: decor
Output: negative
",3,"Input: ""when tables opened up, the manager sat another party before us.""
Term: tables
Output: neutral
",9,"Input: ""service is good although a bit in your face, we were asked every five mins if food was ok, but better that than being ignored.""
Term: service
Output: positive
",negative,prompt_single_term_fewshot,"Example 1:
Input: ""The decor is not special at all but their food and amazing prices make up for it.""
Term: decor
Output: negative


Example 2:
Input: ""when tables opened up, the manager sat another party before us.""
Term: tables
Output: neutral


Example 3
Input: ""service is good although a bit in your face, we were asked every five mins if food was ok, but better that than being ignored.""
Term: service
Output: positive

    
Task:
Input: If you don't want to wait 45 minutes for a table or a long time for service then don't go @ 9pm on a Friday or Saturday night.
Prompt: What is the sentiment in the text towards 'table'? Only respond with ""positive"", ""negative"" or ""neutral"" as one word."
277,277,106,277,If you don't want to wait 45 minutes for a table or a long time for service then don't go @ 9pm on a Friday or Saturday night.,service,negative,0,"Input: ""The decor is not special at all but their food and amazing prices make up for it.""
Term: decor
Output: negative
",3,"Input: ""when tables opened up, the manager sat another party before us.""
Term: tables
Output: neutral
",9,"Input: ""service is good although a bit in your face, we were asked every five mins if food was ok, but better that than being ignored.""
Term: service
Output: positive
",negative,prompt_single_term_fewshot,"Example 1:
Input: ""The decor is not special at all but their food and amazing prices make up for it.""
Term: decor
Output: negative


Example 2:
Input: ""when tables opened up, the manager sat another party before us.""
Term: tables
Output: neutral


Example 3
Input: ""service is good although a bit in your face, we were asked every five mins if food was ok, but better that than being ignored.""
Term: service
Output: positive

    
Task:
Input: If you don't want to wait 45 minutes for a table or a long time for service then don't go @ 9pm on a Friday or Saturday night.
Prompt: What is the sentiment in the text towards 'service'? Only respond with ""positive"", ""negative"" or ""neutral"" as one word."
278,278,107,278,"But on a recent Sunday brunch excursion, I was greeted by a uniformly unfriendly staff - starting with the hostess and extending to foul faced wait staff.",brunch,neutral,0,"Input: ""The decor is not special at all but their food and amazing prices make up for it.""
Term: decor
Output: negative
",3,"Input: ""when tables opened up, the manager sat another party before us.""
Term: tables
Output: neutral
",9,"Input: ""service is good although a bit in your face, we were asked every five mins if food was ok, but better that than being ignored.""
Term: service
Output: positive
",neutral,prompt_single_term_fewshot,"Example 1:
Input: ""The decor is not special at all but their food and amazing prices make up for it.""
Term: decor
Output: negative


Example 2:
Input: ""when tables opened up, the manager sat another party before us.""
Term: tables
Output: neutral


Example 3
Input: ""service is good although a bit in your face, we were asked every five mins if food was ok, but better that than being ignored.""
Term: service
Output: positive

    
Task:
Input: But on a recent Sunday brunch excursion, I was greeted by a uniformly unfriendly staff - starting with the hostess and extending to foul faced wait staff.
Prompt: What is the sentiment in the text towards 'brunch'? Only respond with ""positive"", ""negative"" or ""neutral"" as one word."
279,279,107,279,"But on a recent Sunday brunch excursion, I was greeted by a uniformly unfriendly staff - starting with the hostess and extending to foul faced wait staff.",hostess,negative,0,"Input: ""The decor is not special at all but their food and amazing prices make up for it.""
Term: decor
Output: negative
",3,"Input: ""when tables opened up, the manager sat another party before us.""
Term: tables
Output: neutral
",9,"Input: ""service is good although a bit in your face, we were asked every five mins if food was ok, but better that than being ignored.""
Term: service
Output: positive
",negative,prompt_single_term_fewshot,"Example 1:
Input: ""The decor is not special at all but their food and amazing prices make up for it.""
Term: decor
Output: negative


Example 2:
Input: ""when tables opened up, the manager sat another party before us.""
Term: tables
Output: neutral


Example 3
Input: ""service is good although a bit in your face, we were asked every five mins if food was ok, but better that than being ignored.""
Term: service
Output: positive

    
Task:
Input: But on a recent Sunday brunch excursion, I was greeted by a uniformly unfriendly staff - starting with the hostess and extending to foul faced wait staff.
Prompt: What is the sentiment in the text towards 'hostess'? Only respond with ""positive"", ""negative"" or ""neutral"" as one word."
280,280,107,280,"But on a recent Sunday brunch excursion, I was greeted by a uniformly unfriendly staff - starting with the hostess and extending to foul faced wait staff.",wait staff,negative,0,"Input: ""The decor is not special at all but their food and amazing prices make up for it.""
Term: decor
Output: negative
",3,"Input: ""when tables opened up, the manager sat another party before us.""
Term: tables
Output: neutral
",9,"Input: ""service is good although a bit in your face, we were asked every five mins if food was ok, but better that than being ignored.""
Term: service
Output: positive
",negative,prompt_single_term_fewshot,"Example 1:
Input: ""The decor is not special at all but their food and amazing prices make up for it.""
Term: decor
Output: negative


Example 2:
Input: ""when tables opened up, the manager sat another party before us.""
Term: tables
Output: neutral


Example 3
Input: ""service is good although a bit in your face, we were asked every five mins if food was ok, but better that than being ignored.""
Term: service
Output: positive

    
Task:
Input: But on a recent Sunday brunch excursion, I was greeted by a uniformly unfriendly staff - starting with the hostess and extending to foul faced wait staff.
Prompt: What is the sentiment in the text towards 'wait staff'? Only respond with ""positive"", ""negative"" or ""neutral"" as one word."
281,281,108,281,The food was served promptly and was really hot.,food,positive,0,"Input: ""The decor is not special at all but their food and amazing prices make up for it.""
Term: decor
Output: negative
",3,"Input: ""when tables opened up, the manager sat another party before us.""
Term: tables
Output: neutral
",9,"Input: ""service is good although a bit in your face, we were asked every five mins if food was ok, but better that than being ignored.""
Term: service
Output: positive
",positive,prompt_single_term_fewshot,"Example 1:
Input: ""The decor is not special at all but their food and amazing prices make up for it.""
Term: decor
Output: negative


Example 2:
Input: ""when tables opened up, the manager sat another party before us.""
Term: tables
Output: neutral


Example 3
Input: ""service is good although a bit in your face, we were asked every five mins if food was ok, but better that than being ignored.""
Term: service
Output: positive

    
Task:
Input: The food was served promptly and was really hot.
Prompt: What is the sentiment in the text towards 'food'? Only respond with ""positive"", ""negative"" or ""neutral"" as one word."
282,282,108,282,The food was served promptly and was really hot.,served,neutral,0,"Input: ""The decor is not special at all but their food and amazing prices make up for it.""
Term: decor
Output: negative
",3,"Input: ""when tables opened up, the manager sat another party before us.""
Term: tables
Output: neutral
",9,"Input: ""service is good although a bit in your face, we were asked every five mins if food was ok, but better that than being ignored.""
Term: service
Output: positive
",positive,prompt_single_term_fewshot,"Example 1:
Input: ""The decor is not special at all but their food and amazing prices make up for it.""
Term: decor
Output: negative


Example 2:
Input: ""when tables opened up, the manager sat another party before us.""
Term: tables
Output: neutral


Example 3
Input: ""service is good although a bit in your face, we were asked every five mins if food was ok, but better that than being ignored.""
Term: service
Output: positive

    
Task:
Input: The food was served promptly and was really hot.
Prompt: What is the sentiment in the text towards 'served'? Only respond with ""positive"", ""negative"" or ""neutral"" as one word."
283,283,109,283,We had reservations and when we showed up the manager told us the wait was over 45 mins.,reservations,neutral,0,"Input: ""The decor is not special at all but their food and amazing prices make up for it.""
Term: decor
Output: negative
",3,"Input: ""when tables opened up, the manager sat another party before us.""
Term: tables
Output: neutral
",9,"Input: ""service is good although a bit in your face, we were asked every five mins if food was ok, but better that than being ignored.""
Term: service
Output: positive
",negative,prompt_single_term_fewshot,"Example 1:
Input: ""The decor is not special at all but their food and amazing prices make up for it.""
Term: decor
Output: negative


Example 2:
Input: ""when tables opened up, the manager sat another party before us.""
Term: tables
Output: neutral


Example 3
Input: ""service is good although a bit in your face, we were asked every five mins if food was ok, but better that than being ignored.""
Term: service
Output: positive

    
Task:
Input: We had reservations and when we showed up the manager told us the wait was over 45 mins.
Prompt: What is the sentiment in the text towards 'reservations'? Only respond with ""positive"", ""negative"" or ""neutral"" as one word."
284,284,109,284,We had reservations and when we showed up the manager told us the wait was over 45 mins.,manager,negative,0,"Input: ""The decor is not special at all but their food and amazing prices make up for it.""
Term: decor
Output: negative
",3,"Input: ""when tables opened up, the manager sat another party before us.""
Term: tables
Output: neutral
",9,"Input: ""service is good although a bit in your face, we were asked every five mins if food was ok, but better that than being ignored.""
Term: service
Output: positive
",negative,prompt_single_term_fewshot,"Example 1:
Input: ""The decor is not special at all but their food and amazing prices make up for it.""
Term: decor
Output: negative


Example 2:
Input: ""when tables opened up, the manager sat another party before us.""
Term: tables
Output: neutral


Example 3
Input: ""service is good although a bit in your face, we were asked every five mins if food was ok, but better that than being ignored.""
Term: service
Output: positive

    
Task:
Input: We had reservations and when we showed up the manager told us the wait was over 45 mins.
Prompt: What is the sentiment in the text towards 'manager'? Only respond with ""positive"", ""negative"" or ""neutral"" as one word."
285,285,109,285,We had reservations and when we showed up the manager told us the wait was over 45 mins.,wait,negative,0,"Input: ""The decor is not special at all but their food and amazing prices make up for it.""
Term: decor
Output: negative
",3,"Input: ""when tables opened up, the manager sat another party before us.""
Term: tables
Output: neutral
",9,"Input: ""service is good although a bit in your face, we were asked every five mins if food was ok, but better that than being ignored.""
Term: service
Output: positive
",negative,prompt_single_term_fewshot,"Example 1:
Input: ""The decor is not special at all but their food and amazing prices make up for it.""
Term: decor
Output: negative


Example 2:
Input: ""when tables opened up, the manager sat another party before us.""
Term: tables
Output: neutral


Example 3
Input: ""service is good although a bit in your face, we were asked every five mins if food was ok, but better that than being ignored.""
Term: service
Output: positive

    
Task:
Input: We had reservations and when we showed up the manager told us the wait was over 45 mins.
Prompt: What is the sentiment in the text towards 'wait'? Only respond with ""positive"", ""negative"" or ""neutral"" as one word."
286,286,110,286,"We initially ordered a bottle of wine and the waitress though we may not like it, so she offered us a taste.",waitress,negative,0,"Input: ""The decor is not special at all but their food and amazing prices make up for it.""
Term: decor
Output: negative
",3,"Input: ""when tables opened up, the manager sat another party before us.""
Term: tables
Output: neutral
",9,"Input: ""service is good although a bit in your face, we were asked every five mins if food was ok, but better that than being ignored.""
Term: service
Output: positive
",positive,prompt_single_term_fewshot,"Example 1:
Input: ""The decor is not special at all but their food and amazing prices make up for it.""
Term: decor
Output: negative


Example 2:
Input: ""when tables opened up, the manager sat another party before us.""
Term: tables
Output: neutral


Example 3
Input: ""service is good although a bit in your face, we were asked every five mins if food was ok, but better that than being ignored.""
Term: service
Output: positive

    
Task:
Input: We initially ordered a bottle of wine and the waitress though we may not like it, so she offered us a taste.
Prompt: What is the sentiment in the text towards 'waitress'? Only respond with ""positive"", ""negative"" or ""neutral"" as one word."
287,287,110,287,"We initially ordered a bottle of wine and the waitress though we may not like it, so she offered us a taste.",taste,neutral,0,"Input: ""The decor is not special at all but their food and amazing prices make up for it.""
Term: decor
Output: negative
",3,"Input: ""when tables opened up, the manager sat another party before us.""
Term: tables
Output: neutral
",9,"Input: ""service is good although a bit in your face, we were asked every five mins if food was ok, but better that than being ignored.""
Term: service
Output: positive
",positive,prompt_single_term_fewshot,"Example 1:
Input: ""The decor is not special at all but their food and amazing prices make up for it.""
Term: decor
Output: negative


Example 2:
Input: ""when tables opened up, the manager sat another party before us.""
Term: tables
Output: neutral


Example 3
Input: ""service is good although a bit in your face, we were asked every five mins if food was ok, but better that than being ignored.""
Term: service
Output: positive

    
Task:
Input: We initially ordered a bottle of wine and the waitress though we may not like it, so she offered us a taste.
Prompt: What is the sentiment in the text towards 'taste'? Only respond with ""positive"", ""negative"" or ""neutral"" as one word."
288,288,111,288,My dining companion and I have nothing but raves about the  environment and the Food.,dining,neutral,0,"Input: ""The decor is not special at all but their food and amazing prices make up for it.""
Term: decor
Output: negative
",3,"Input: ""when tables opened up, the manager sat another party before us.""
Term: tables
Output: neutral
",9,"Input: ""service is good although a bit in your face, we were asked every five mins if food was ok, but better that than being ignored.""
Term: service
Output: positive
",positive,prompt_single_term_fewshot,"Example 1:
Input: ""The decor is not special at all but their food and amazing prices make up for it.""
Term: decor
Output: negative


Example 2:
Input: ""when tables opened up, the manager sat another party before us.""
Term: tables
Output: neutral


Example 3
Input: ""service is good although a bit in your face, we were asked every five mins if food was ok, but better that than being ignored.""
Term: service
Output: positive

    
Task:
Input: My dining companion and I have nothing but raves about the  environment and the Food.
Prompt: What is the sentiment in the text towards 'dining'? Only respond with ""positive"", ""negative"" or ""neutral"" as one word."
289,289,111,289,My dining companion and I have nothing but raves about the  environment and the Food.,environment,positive,0,"Input: ""The decor is not special at all but their food and amazing prices make up for it.""
Term: decor
Output: negative
",3,"Input: ""when tables opened up, the manager sat another party before us.""
Term: tables
Output: neutral
",9,"Input: ""service is good although a bit in your face, we were asked every five mins if food was ok, but better that than being ignored.""
Term: service
Output: positive
",positive,prompt_single_term_fewshot,"Example 1:
Input: ""The decor is not special at all but their food and amazing prices make up for it.""
Term: decor
Output: negative


Example 2:
Input: ""when tables opened up, the manager sat another party before us.""
Term: tables
Output: neutral


Example 3
Input: ""service is good although a bit in your face, we were asked every five mins if food was ok, but better that than being ignored.""
Term: service
Output: positive

    
Task:
Input: My dining companion and I have nothing but raves about the  environment and the Food.
Prompt: What is the sentiment in the text towards 'environment'? Only respond with ""positive"", ""negative"" or ""neutral"" as one word."
290,290,111,290,My dining companion and I have nothing but raves about the  environment and the Food.,Food,positive,0,"Input: ""The decor is not special at all but their food and amazing prices make up for it.""
Term: decor
Output: negative
",3,"Input: ""when tables opened up, the manager sat another party before us.""
Term: tables
Output: neutral
",9,"Input: ""service is good although a bit in your face, we were asked every five mins if food was ok, but better that than being ignored.""
Term: service
Output: positive
",positive,prompt_single_term_fewshot,"Example 1:
Input: ""The decor is not special at all but their food and amazing prices make up for it.""
Term: decor
Output: negative


Example 2:
Input: ""when tables opened up, the manager sat another party before us.""
Term: tables
Output: neutral


Example 3
Input: ""service is good although a bit in your face, we were asked every five mins if food was ok, but better that than being ignored.""
Term: service
Output: positive

    
Task:
Input: My dining companion and I have nothing but raves about the  environment and the Food.
Prompt: What is the sentiment in the text towards 'Food'? Only respond with ""positive"", ""negative"" or ""neutral"" as one word."
291,291,112,291,My husband and I had dinner here last week and the food was very good.,dinner,neutral,0,"Input: ""The decor is not special at all but their food and amazing prices make up for it.""
Term: decor
Output: negative
",3,"Input: ""when tables opened up, the manager sat another party before us.""
Term: tables
Output: neutral
",9,"Input: ""service is good although a bit in your face, we were asked every five mins if food was ok, but better that than being ignored.""
Term: service
Output: positive
",positive,prompt_single_term_fewshot,"Example 1:
Input: ""The decor is not special at all but their food and amazing prices make up for it.""
Term: decor
Output: negative


Example 2:
Input: ""when tables opened up, the manager sat another party before us.""
Term: tables
Output: neutral


Example 3
Input: ""service is good although a bit in your face, we were asked every five mins if food was ok, but better that than being ignored.""
Term: service
Output: positive

    
Task:
Input: My husband and I had dinner here last week and the food was very good.
Prompt: What is the sentiment in the text towards 'dinner'? Only respond with ""positive"", ""negative"" or ""neutral"" as one word."
292,292,112,292,My husband and I had dinner here last week and the food was very good.,food,positive,0,"Input: ""The decor is not special at all but their food and amazing prices make up for it.""
Term: decor
Output: negative
",3,"Input: ""when tables opened up, the manager sat another party before us.""
Term: tables
Output: neutral
",9,"Input: ""service is good although a bit in your face, we were asked every five mins if food was ok, but better that than being ignored.""
Term: service
Output: positive
",positive,prompt_single_term_fewshot,"Example 1:
Input: ""The decor is not special at all but their food and amazing prices make up for it.""
Term: decor
Output: negative


Example 2:
Input: ""when tables opened up, the manager sat another party before us.""
Term: tables
Output: neutral


Example 3
Input: ""service is good although a bit in your face, we were asked every five mins if food was ok, but better that than being ignored.""
Term: service
Output: positive

    
Task:
Input: My husband and I had dinner here last week and the food was very good.
Prompt: What is the sentiment in the text towards 'food'? Only respond with ""positive"", ""negative"" or ""neutral"" as one word."
293,293,113,293,"The nachos were very very good, but the onion bloom felt too greasy and the calamari was soggy.",nachos,positive,0,"Input: ""The decor is not special at all but their food and amazing prices make up for it.""
Term: decor
Output: negative
",3,"Input: ""when tables opened up, the manager sat another party before us.""
Term: tables
Output: neutral
",9,"Input: ""service is good although a bit in your face, we were asked every five mins if food was ok, but better that than being ignored.""
Term: service
Output: positive
",positive,prompt_single_term_fewshot,"Example 1:
Input: ""The decor is not special at all but their food and amazing prices make up for it.""
Term: decor
Output: negative


Example 2:
Input: ""when tables opened up, the manager sat another party before us.""
Term: tables
Output: neutral


Example 3
Input: ""service is good although a bit in your face, we were asked every five mins if food was ok, but better that than being ignored.""
Term: service
Output: positive

    
Task:
Input: The nachos were very very good, but the onion bloom felt too greasy and the calamari was soggy.
Prompt: What is the sentiment in the text towards 'nachos'? Only respond with ""positive"", ""negative"" or ""neutral"" as one word."
294,294,113,294,"The nachos were very very good, but the onion bloom felt too greasy and the calamari was soggy.",onion bloom,negative,0,"Input: ""The decor is not special at all but their food and amazing prices make up for it.""
Term: decor
Output: negative
",3,"Input: ""when tables opened up, the manager sat another party before us.""
Term: tables
Output: neutral
",9,"Input: ""service is good although a bit in your face, we were asked every five mins if food was ok, but better that than being ignored.""
Term: service
Output: positive
",negative,prompt_single_term_fewshot,"Example 1:
Input: ""The decor is not special at all but their food and amazing prices make up for it.""
Term: decor
Output: negative


Example 2:
Input: ""when tables opened up, the manager sat another party before us.""
Term: tables
Output: neutral


Example 3
Input: ""service is good although a bit in your face, we were asked every five mins if food was ok, but better that than being ignored.""
Term: service
Output: positive

    
Task:
Input: The nachos were very very good, but the onion bloom felt too greasy and the calamari was soggy.
Prompt: What is the sentiment in the text towards 'onion bloom'? Only respond with ""positive"", ""negative"" or ""neutral"" as one word."
295,295,113,295,"The nachos were very very good, but the onion bloom felt too greasy and the calamari was soggy.",calamari,negative,0,"Input: ""The decor is not special at all but their food and amazing prices make up for it.""
Term: decor
Output: negative
",3,"Input: ""when tables opened up, the manager sat another party before us.""
Term: tables
Output: neutral
",9,"Input: ""service is good although a bit in your face, we were asked every five mins if food was ok, but better that than being ignored.""
Term: service
Output: positive
",negative,prompt_single_term_fewshot,"Example 1:
Input: ""The decor is not special at all but their food and amazing prices make up for it.""
Term: decor
Output: negative


Example 2:
Input: ""when tables opened up, the manager sat another party before us.""
Term: tables
Output: neutral


Example 3
Input: ""service is good although a bit in your face, we were asked every five mins if food was ok, but better that than being ignored.""
Term: service
Output: positive

    
Task:
Input: The nachos were very very good, but the onion bloom felt too greasy and the calamari was soggy.
Prompt: What is the sentiment in the text towards 'calamari'? Only respond with ""positive"", ""negative"" or ""neutral"" as one word."
296,296,114,296,"This much heralded restaurant brought my wife and I some excitement as we walked in the door, but we were met with an awkward maitre'd who barely spoke to us at all and just seemed standoff-ish.",door,neutral,0,"Input: ""The decor is not special at all but their food and amazing prices make up for it.""
Term: decor
Output: negative
",3,"Input: ""when tables opened up, the manager sat another party before us.""
Term: tables
Output: neutral
",9,"Input: ""service is good although a bit in your face, we were asked every five mins if food was ok, but better that than being ignored.""
Term: service
Output: positive
",neutral,prompt_single_term_fewshot,"Example 1:
Input: ""The decor is not special at all but their food and amazing prices make up for it.""
Term: decor
Output: negative


Example 2:
Input: ""when tables opened up, the manager sat another party before us.""
Term: tables
Output: neutral


Example 3
Input: ""service is good although a bit in your face, we were asked every five mins if food was ok, but better that than being ignored.""
Term: service
Output: positive

    
Task:
Input: This much heralded restaurant brought my wife and I some excitement as we walked in the door, but we were met with an awkward maitre'd who barely spoke to us at all and just seemed standoff-ish.
Prompt: What is the sentiment in the text towards 'door'? Only respond with ""positive"", ""negative"" or ""neutral"" as one word."
297,297,114,297,"This much heralded restaurant brought my wife and I some excitement as we walked in the door, but we were met with an awkward maitre'd who barely spoke to us at all and just seemed standoff-ish.",maitre,negative,0,"Input: ""The decor is not special at all but their food and amazing prices make up for it.""
Term: decor
Output: negative
",3,"Input: ""when tables opened up, the manager sat another party before us.""
Term: tables
Output: neutral
",9,"Input: ""service is good although a bit in your face, we were asked every five mins if food was ok, but better that than being ignored.""
Term: service
Output: positive
",negative,prompt_single_term_fewshot,"Example 1:
Input: ""The decor is not special at all but their food and amazing prices make up for it.""
Term: decor
Output: negative


Example 2:
Input: ""when tables opened up, the manager sat another party before us.""
Term: tables
Output: neutral


Example 3
Input: ""service is good although a bit in your face, we were asked every five mins if food was ok, but better that than being ignored.""
Term: service
Output: positive

    
Task:
Input: This much heralded restaurant brought my wife and I some excitement as we walked in the door, but we were met with an awkward maitre'd who barely spoke to us at all and just seemed standoff-ish.
Prompt: What is the sentiment in the text towards 'maitre'? Only respond with ""positive"", ""negative"" or ""neutral"" as one word."
298,298,115,298,"I love the shrimp summer role, chicken kabob's, and all the chicken and shrimp dishes.",shrimp summer role,positive,0,"Input: ""The decor is not special at all but their food and amazing prices make up for it.""
Term: decor
Output: negative
",3,"Input: ""when tables opened up, the manager sat another party before us.""
Term: tables
Output: neutral
",9,"Input: ""service is good although a bit in your face, we were asked every five mins if food was ok, but better that than being ignored.""
Term: service
Output: positive
",positive,prompt_single_term_fewshot,"Example 1:
Input: ""The decor is not special at all but their food and amazing prices make up for it.""
Term: decor
Output: negative


Example 2:
Input: ""when tables opened up, the manager sat another party before us.""
Term: tables
Output: neutral


Example 3
Input: ""service is good although a bit in your face, we were asked every five mins if food was ok, but better that than being ignored.""
Term: service
Output: positive

    
Task:
Input: I love the shrimp summer role, chicken kabob's, and all the chicken and shrimp dishes.
Prompt: What is the sentiment in the text towards 'shrimp summer role'? Only respond with ""positive"", ""negative"" or ""neutral"" as one word."
299,299,115,299,"I love the shrimp summer role, chicken kabob's, and all the chicken and shrimp dishes.",shrimp dishes,neutral,0,"Input: ""The decor is not special at all but their food and amazing prices make up for it.""
Term: decor
Output: negative
",3,"Input: ""when tables opened up, the manager sat another party before us.""
Term: tables
Output: neutral
",9,"Input: ""service is good although a bit in your face, we were asked every five mins if food was ok, but better that than being ignored.""
Term: service
Output: positive
",positive,prompt_single_term_fewshot,"Example 1:
Input: ""The decor is not special at all but their food and amazing prices make up for it.""
Term: decor
Output: negative


Example 2:
Input: ""when tables opened up, the manager sat another party before us.""
Term: tables
Output: neutral


Example 3
Input: ""service is good although a bit in your face, we were asked every five mins if food was ok, but better that than being ignored.""
Term: service
Output: positive

    
Task:
Input: I love the shrimp summer role, chicken kabob's, and all the chicken and shrimp dishes.
Prompt: What is the sentiment in the text towards 'shrimp dishes'? Only respond with ""positive"", ""negative"" or ""neutral"" as one word."
300,300,116,300,"From beginning appetizers, the scallops were incredible, to the delicious chocolate souffle with rasberry mint sorbet, we were delighted by the taste sensations.",beginning appetizers,neutral,0,"Input: ""The decor is not special at all but their food and amazing prices make up for it.""
Term: decor
Output: negative
",3,"Input: ""when tables opened up, the manager sat another party before us.""
Term: tables
Output: neutral
",9,"Input: ""service is good although a bit in your face, we were asked every five mins if food was ok, but better that than being ignored.""
Term: service
Output: positive
",positive,prompt_single_term_fewshot,"Example 1:
Input: ""The decor is not special at all but their food and amazing prices make up for it.""
Term: decor
Output: negative


Example 2:
Input: ""when tables opened up, the manager sat another party before us.""
Term: tables
Output: neutral


Example 3
Input: ""service is good although a bit in your face, we were asked every five mins if food was ok, but better that than being ignored.""
Term: service
Output: positive

    
Task:
Input: From beginning appetizers, the scallops were incredible, to the delicious chocolate souffle with rasberry mint sorbet, we were delighted by the taste sensations.
Prompt: What is the sentiment in the text towards 'beginning appetizers'? Only respond with ""positive"", ""negative"" or ""neutral"" as one word."
301,301,116,301,"From beginning appetizers, the scallops were incredible, to the delicious chocolate souffle with rasberry mint sorbet, we were delighted by the taste sensations.",scallops,positive,0,"Input: ""The decor is not special at all but their food and amazing prices make up for it.""
Term: decor
Output: negative
",3,"Input: ""when tables opened up, the manager sat another party before us.""
Term: tables
Output: neutral
",9,"Input: ""service is good although a bit in your face, we were asked every five mins if food was ok, but better that than being ignored.""
Term: service
Output: positive
",positive,prompt_single_term_fewshot,"Example 1:
Input: ""The decor is not special at all but their food and amazing prices make up for it.""
Term: decor
Output: negative


Example 2:
Input: ""when tables opened up, the manager sat another party before us.""
Term: tables
Output: neutral


Example 3
Input: ""service is good although a bit in your face, we were asked every five mins if food was ok, but better that than being ignored.""
Term: service
Output: positive

    
Task:
Input: From beginning appetizers, the scallops were incredible, to the delicious chocolate souffle with rasberry mint sorbet, we were delighted by the taste sensations.
Prompt: What is the sentiment in the text towards 'scallops'? Only respond with ""positive"", ""negative"" or ""neutral"" as one word."
302,302,116,302,"From beginning appetizers, the scallops were incredible, to the delicious chocolate souffle with rasberry mint sorbet, we were delighted by the taste sensations.",chocolate souffle with rasberry mint sorbet,positive,0,"Input: ""The decor is not special at all but their food and amazing prices make up for it.""
Term: decor
Output: negative
",3,"Input: ""when tables opened up, the manager sat another party before us.""
Term: tables
Output: neutral
",9,"Input: ""service is good although a bit in your face, we were asked every five mins if food was ok, but better that than being ignored.""
Term: service
Output: positive
",positive,prompt_single_term_fewshot,"Example 1:
Input: ""The decor is not special at all but their food and amazing prices make up for it.""
Term: decor
Output: negative


Example 2:
Input: ""when tables opened up, the manager sat another party before us.""
Term: tables
Output: neutral


Example 3
Input: ""service is good although a bit in your face, we were asked every five mins if food was ok, but better that than being ignored.""
Term: service
Output: positive

    
Task:
Input: From beginning appetizers, the scallops were incredible, to the delicious chocolate souffle with rasberry mint sorbet, we were delighted by the taste sensations.
Prompt: What is the sentiment in the text towards 'chocolate souffle with rasberry mint sorbet'? Only respond with ""positive"", ""negative"" or ""neutral"" as one word."
303,303,117,303,"Our waiter brought out three main courses, but the fourth wasn't ready so we had to wait for 10 minutes for the last dish to arrive, but they were very nice and gave us free red pepper hummus while we waited.",waiter,neutral,0,"Input: ""The decor is not special at all but their food and amazing prices make up for it.""
Term: decor
Output: negative
",3,"Input: ""when tables opened up, the manager sat another party before us.""
Term: tables
Output: neutral
",9,"Input: ""service is good although a bit in your face, we were asked every five mins if food was ok, but better that than being ignored.""
Term: service
Output: positive
",positive,prompt_single_term_fewshot,"Example 1:
Input: ""The decor is not special at all but their food and amazing prices make up for it.""
Term: decor
Output: negative


Example 2:
Input: ""when tables opened up, the manager sat another party before us.""
Term: tables
Output: neutral


Example 3
Input: ""service is good although a bit in your face, we were asked every five mins if food was ok, but better that than being ignored.""
Term: service
Output: positive

    
Task:
Input: Our waiter brought out three main courses, but the fourth wasn't ready so we had to wait for 10 minutes for the last dish to arrive, but they were very nice and gave us free red pepper hummus while we waited.
Prompt: What is the sentiment in the text towards 'waiter'? Only respond with ""positive"", ""negative"" or ""neutral"" as one word."
304,304,117,304,"Our waiter brought out three main courses, but the fourth wasn't ready so we had to wait for 10 minutes for the last dish to arrive, but they were very nice and gave us free red pepper hummus while we waited.",main courses,neutral,0,"Input: ""The decor is not special at all but their food and amazing prices make up for it.""
Term: decor
Output: negative
",3,"Input: ""when tables opened up, the manager sat another party before us.""
Term: tables
Output: neutral
",9,"Input: ""service is good although a bit in your face, we were asked every five mins if food was ok, but better that than being ignored.""
Term: service
Output: positive
",neutral,prompt_single_term_fewshot,"Example 1:
Input: ""The decor is not special at all but their food and amazing prices make up for it.""
Term: decor
Output: negative


Example 2:
Input: ""when tables opened up, the manager sat another party before us.""
Term: tables
Output: neutral


Example 3
Input: ""service is good although a bit in your face, we were asked every five mins if food was ok, but better that than being ignored.""
Term: service
Output: positive

    
Task:
Input: Our waiter brought out three main courses, but the fourth wasn't ready so we had to wait for 10 minutes for the last dish to arrive, but they were very nice and gave us free red pepper hummus while we waited.
Prompt: What is the sentiment in the text towards 'main courses'? Only respond with ""positive"", ""negative"" or ""neutral"" as one word."
305,305,117,305,"Our waiter brought out three main courses, but the fourth wasn't ready so we had to wait for 10 minutes for the last dish to arrive, but they were very nice and gave us free red pepper hummus while we waited.",dish,neutral,0,"Input: ""The decor is not special at all but their food and amazing prices make up for it.""
Term: decor
Output: negative
",3,"Input: ""when tables opened up, the manager sat another party before us.""
Term: tables
Output: neutral
",9,"Input: ""service is good although a bit in your face, we were asked every five mins if food was ok, but better that than being ignored.""
Term: service
Output: positive
",negative,prompt_single_term_fewshot,"Example 1:
Input: ""The decor is not special at all but their food and amazing prices make up for it.""
Term: decor
Output: negative


Example 2:
Input: ""when tables opened up, the manager sat another party before us.""
Term: tables
Output: neutral


Example 3
Input: ""service is good although a bit in your face, we were asked every five mins if food was ok, but better that than being ignored.""
Term: service
Output: positive

    
Task:
Input: Our waiter brought out three main courses, but the fourth wasn't ready so we had to wait for 10 minutes for the last dish to arrive, but they were very nice and gave us free red pepper hummus while we waited.
Prompt: What is the sentiment in the text towards 'dish'? Only respond with ""positive"", ""negative"" or ""neutral"" as one word."
306,306,117,306,"Our waiter brought out three main courses, but the fourth wasn't ready so we had to wait for 10 minutes for the last dish to arrive, but they were very nice and gave us free red pepper hummus while we waited.",red pepper hummus,positive,0,"Input: ""The decor is not special at all but their food and amazing prices make up for it.""
Term: decor
Output: negative
",3,"Input: ""when tables opened up, the manager sat another party before us.""
Term: tables
Output: neutral
",9,"Input: ""service is good although a bit in your face, we were asked every five mins if food was ok, but better that than being ignored.""
Term: service
Output: positive
",positive,prompt_single_term_fewshot,"Example 1:
Input: ""The decor is not special at all but their food and amazing prices make up for it.""
Term: decor
Output: negative


Example 2:
Input: ""when tables opened up, the manager sat another party before us.""
Term: tables
Output: neutral


Example 3
Input: ""service is good although a bit in your face, we were asked every five mins if food was ok, but better that than being ignored.""
Term: service
Output: positive

    
Task:
Input: Our waiter brought out three main courses, but the fourth wasn't ready so we had to wait for 10 minutes for the last dish to arrive, but they were very nice and gave us free red pepper hummus while we waited.
Prompt: What is the sentiment in the text towards 'red pepper hummus'? Only respond with ""positive"", ""negative"" or ""neutral"" as one word."
307,307,118,307,"I love Chinese food and have been looking for the alternative to the greasy stuff on every corner of New York- ya, you know, the stinky take-out joints that leave you smelling like dinner for 100 for the rest of the night!",Chinese food,positive,0,"Input: ""The decor is not special at all but their food and amazing prices make up for it.""
Term: decor
Output: negative
",3,"Input: ""when tables opened up, the manager sat another party before us.""
Term: tables
Output: neutral
",9,"Input: ""service is good although a bit in your face, we were asked every five mins if food was ok, but better that than being ignored.""
Term: service
Output: positive
",positive,prompt_single_term_fewshot,"Example 1:
Input: ""The decor is not special at all but their food and amazing prices make up for it.""
Term: decor
Output: negative


Example 2:
Input: ""when tables opened up, the manager sat another party before us.""
Term: tables
Output: neutral


Example 3
Input: ""service is good although a bit in your face, we were asked every five mins if food was ok, but better that than being ignored.""
Term: service
Output: positive

    
Task:
Input: I love Chinese food and have been looking for the alternative to the greasy stuff on every corner of New York- ya, you know, the stinky take-out joints that leave you smelling like dinner for 100 for the rest of the night!
Prompt: What is the sentiment in the text towards 'Chinese food'? Only respond with ""positive"", ""negative"" or ""neutral"" as one word."
308,308,118,308,"I love Chinese food and have been looking for the alternative to the greasy stuff on every corner of New York- ya, you know, the stinky take-out joints that leave you smelling like dinner for 100 for the rest of the night!",stuff,positive,0,"Input: ""The decor is not special at all but their food and amazing prices make up for it.""
Term: decor
Output: negative
",3,"Input: ""when tables opened up, the manager sat another party before us.""
Term: tables
Output: neutral
",9,"Input: ""service is good although a bit in your face, we were asked every five mins if food was ok, but better that than being ignored.""
Term: service
Output: positive
",negative,prompt_single_term_fewshot,"Example 1:
Input: ""The decor is not special at all but their food and amazing prices make up for it.""
Term: decor
Output: negative


Example 2:
Input: ""when tables opened up, the manager sat another party before us.""
Term: tables
Output: neutral


Example 3
Input: ""service is good although a bit in your face, we were asked every five mins if food was ok, but better that than being ignored.""
Term: service
Output: positive

    
Task:
Input: I love Chinese food and have been looking for the alternative to the greasy stuff on every corner of New York- ya, you know, the stinky take-out joints that leave you smelling like dinner for 100 for the rest of the night!
Prompt: What is the sentiment in the text towards 'stuff'? Only respond with ""positive"", ""negative"" or ""neutral"" as one word."
309,309,118,309,"I love Chinese food and have been looking for the alternative to the greasy stuff on every corner of New York- ya, you know, the stinky take-out joints that leave you smelling like dinner for 100 for the rest of the night!",dinner,neutral,0,"Input: ""The decor is not special at all but their food and amazing prices make up for it.""
Term: decor
Output: negative
",3,"Input: ""when tables opened up, the manager sat another party before us.""
Term: tables
Output: neutral
",9,"Input: ""service is good although a bit in your face, we were asked every five mins if food was ok, but better that than being ignored.""
Term: service
Output: positive
",negative,prompt_single_term_fewshot,"Example 1:
Input: ""The decor is not special at all but their food and amazing prices make up for it.""
Term: decor
Output: negative


Example 2:
Input: ""when tables opened up, the manager sat another party before us.""
Term: tables
Output: neutral


Example 3
Input: ""service is good although a bit in your face, we were asked every five mins if food was ok, but better that than being ignored.""
Term: service
Output: positive

    
Task:
Input: I love Chinese food and have been looking for the alternative to the greasy stuff on every corner of New York- ya, you know, the stinky take-out joints that leave you smelling like dinner for 100 for the rest of the night!
Prompt: What is the sentiment in the text towards 'dinner'? Only respond with ""positive"", ""negative"" or ""neutral"" as one word."
310,310,119,310,We recently had brunch at this establishment with two other couples and I have to say I was majorly dissapointed with the service and how we were treated.,brunch,neutral,0,"Input: ""The decor is not special at all but their food and amazing prices make up for it.""
Term: decor
Output: negative
",3,"Input: ""when tables opened up, the manager sat another party before us.""
Term: tables
Output: neutral
",9,"Input: ""service is good although a bit in your face, we were asked every five mins if food was ok, but better that than being ignored.""
Term: service
Output: positive
",neutral,prompt_single_term_fewshot,"Example 1:
Input: ""The decor is not special at all but their food and amazing prices make up for it.""
Term: decor
Output: negative


Example 2:
Input: ""when tables opened up, the manager sat another party before us.""
Term: tables
Output: neutral


Example 3
Input: ""service is good although a bit in your face, we were asked every five mins if food was ok, but better that than being ignored.""
Term: service
Output: positive

    
Task:
Input: We recently had brunch at this establishment with two other couples and I have to say I was majorly dissapointed with the service and how we were treated.
Prompt: What is the sentiment in the text towards 'brunch'? Only respond with ""positive"", ""negative"" or ""neutral"" as one word."
311,311,119,311,We recently had brunch at this establishment with two other couples and I have to say I was majorly dissapointed with the service and how we were treated.,service,negative,0,"Input: ""The decor is not special at all but their food and amazing prices make up for it.""
Term: decor
Output: negative
",3,"Input: ""when tables opened up, the manager sat another party before us.""
Term: tables
Output: neutral
",9,"Input: ""service is good although a bit in your face, we were asked every five mins if food was ok, but better that than being ignored.""
Term: service
Output: positive
",negative,prompt_single_term_fewshot,"Example 1:
Input: ""The decor is not special at all but their food and amazing prices make up for it.""
Term: decor
Output: negative


Example 2:
Input: ""when tables opened up, the manager sat another party before us.""
Term: tables
Output: neutral


Example 3
Input: ""service is good although a bit in your face, we were asked every five mins if food was ok, but better that than being ignored.""
Term: service
Output: positive

    
Task:
Input: We recently had brunch at this establishment with two other couples and I have to say I was majorly dissapointed with the service and how we were treated.
Prompt: What is the sentiment in the text towards 'service'? Only respond with ""positive"", ""negative"" or ""neutral"" as one word."
312,312,120,312,My bass was even worse - smothered in some kind of tomato sauce that just did not go with fish and the spinach that accompanied the dish was extremely dry and flavorless.,bass,negative,0,"Input: ""The decor is not special at all but their food and amazing prices make up for it.""
Term: decor
Output: negative
",3,"Input: ""when tables opened up, the manager sat another party before us.""
Term: tables
Output: neutral
",9,"Input: ""service is good although a bit in your face, we were asked every five mins if food was ok, but better that than being ignored.""
Term: service
Output: positive
",negative,prompt_single_term_fewshot,"Example 1:
Input: ""The decor is not special at all but their food and amazing prices make up for it.""
Term: decor
Output: negative


Example 2:
Input: ""when tables opened up, the manager sat another party before us.""
Term: tables
Output: neutral


Example 3
Input: ""service is good although a bit in your face, we were asked every five mins if food was ok, but better that than being ignored.""
Term: service
Output: positive

    
Task:
Input: My bass was even worse - smothered in some kind of tomato sauce that just did not go with fish and the spinach that accompanied the dish was extremely dry and flavorless.
Prompt: What is the sentiment in the text towards 'bass'? Only respond with ""positive"", ""negative"" or ""neutral"" as one word."
313,313,120,313,My bass was even worse - smothered in some kind of tomato sauce that just did not go with fish and the spinach that accompanied the dish was extremely dry and flavorless.,tomato sauce,neutral,0,"Input: ""The decor is not special at all but their food and amazing prices make up for it.""
Term: decor
Output: negative
",3,"Input: ""when tables opened up, the manager sat another party before us.""
Term: tables
Output: neutral
",9,"Input: ""service is good although a bit in your face, we were asked every five mins if food was ok, but better that than being ignored.""
Term: service
Output: positive
",negative,prompt_single_term_fewshot,"Example 1:
Input: ""The decor is not special at all but their food and amazing prices make up for it.""
Term: decor
Output: negative


Example 2:
Input: ""when tables opened up, the manager sat another party before us.""
Term: tables
Output: neutral


Example 3
Input: ""service is good although a bit in your face, we were asked every five mins if food was ok, but better that than being ignored.""
Term: service
Output: positive

    
Task:
Input: My bass was even worse - smothered in some kind of tomato sauce that just did not go with fish and the spinach that accompanied the dish was extremely dry and flavorless.
Prompt: What is the sentiment in the text towards 'tomato sauce'? Only respond with ""positive"", ""negative"" or ""neutral"" as one word."
314,314,120,314,My bass was even worse - smothered in some kind of tomato sauce that just did not go with fish and the spinach that accompanied the dish was extremely dry and flavorless.,fish,negative,0,"Input: ""The decor is not special at all but their food and amazing prices make up for it.""
Term: decor
Output: negative
",3,"Input: ""when tables opened up, the manager sat another party before us.""
Term: tables
Output: neutral
",9,"Input: ""service is good although a bit in your face, we were asked every five mins if food was ok, but better that than being ignored.""
Term: service
Output: positive
",negative,prompt_single_term_fewshot,"Example 1:
Input: ""The decor is not special at all but their food and amazing prices make up for it.""
Term: decor
Output: negative


Example 2:
Input: ""when tables opened up, the manager sat another party before us.""
Term: tables
Output: neutral


Example 3
Input: ""service is good although a bit in your face, we were asked every five mins if food was ok, but better that than being ignored.""
Term: service
Output: positive

    
Task:
Input: My bass was even worse - smothered in some kind of tomato sauce that just did not go with fish and the spinach that accompanied the dish was extremely dry and flavorless.
Prompt: What is the sentiment in the text towards 'fish'? Only respond with ""positive"", ""negative"" or ""neutral"" as one word."
315,315,120,315,My bass was even worse - smothered in some kind of tomato sauce that just did not go with fish and the spinach that accompanied the dish was extremely dry and flavorless.,spinach,negative,0,"Input: ""The decor is not special at all but their food and amazing prices make up for it.""
Term: decor
Output: negative
",3,"Input: ""when tables opened up, the manager sat another party before us.""
Term: tables
Output: neutral
",9,"Input: ""service is good although a bit in your face, we were asked every five mins if food was ok, but better that than being ignored.""
Term: service
Output: positive
",negative,prompt_single_term_fewshot,"Example 1:
Input: ""The decor is not special at all but their food and amazing prices make up for it.""
Term: decor
Output: negative


Example 2:
Input: ""when tables opened up, the manager sat another party before us.""
Term: tables
Output: neutral


Example 3
Input: ""service is good although a bit in your face, we were asked every five mins if food was ok, but better that than being ignored.""
Term: service
Output: positive

    
Task:
Input: My bass was even worse - smothered in some kind of tomato sauce that just did not go with fish and the spinach that accompanied the dish was extremely dry and flavorless.
Prompt: What is the sentiment in the text towards 'spinach'? Only respond with ""positive"", ""negative"" or ""neutral"" as one word."
316,316,120,316,My bass was even worse - smothered in some kind of tomato sauce that just did not go with fish and the spinach that accompanied the dish was extremely dry and flavorless.,dish,negative,0,"Input: ""The decor is not special at all but their food and amazing prices make up for it.""
Term: decor
Output: negative
",3,"Input: ""when tables opened up, the manager sat another party before us.""
Term: tables
Output: neutral
",9,"Input: ""service is good although a bit in your face, we were asked every five mins if food was ok, but better that than being ignored.""
Term: service
Output: positive
",negative,prompt_single_term_fewshot,"Example 1:
Input: ""The decor is not special at all but their food and amazing prices make up for it.""
Term: decor
Output: negative


Example 2:
Input: ""when tables opened up, the manager sat another party before us.""
Term: tables
Output: neutral


Example 3
Input: ""service is good although a bit in your face, we were asked every five mins if food was ok, but better that than being ignored.""
Term: service
Output: positive

    
Task:
Input: My bass was even worse - smothered in some kind of tomato sauce that just did not go with fish and the spinach that accompanied the dish was extremely dry and flavorless.
Prompt: What is the sentiment in the text towards 'dish'? Only respond with ""positive"", ""negative"" or ""neutral"" as one word."
317,317,121,317,"Once at the table our waitress managed on two occasions to take 15 minutes bringing drinks to our table, our plates sat uncleared on the table for just as long.",waitress,negative,0,"Input: ""The decor is not special at all but their food and amazing prices make up for it.""
Term: decor
Output: negative
",3,"Input: ""when tables opened up, the manager sat another party before us.""
Term: tables
Output: neutral
",9,"Input: ""service is good although a bit in your face, we were asked every five mins if food was ok, but better that than being ignored.""
Term: service
Output: positive
",negative,prompt_single_term_fewshot,"Example 1:
Input: ""The decor is not special at all but their food and amazing prices make up for it.""
Term: decor
Output: negative


Example 2:
Input: ""when tables opened up, the manager sat another party before us.""
Term: tables
Output: neutral


Example 3
Input: ""service is good although a bit in your face, we were asked every five mins if food was ok, but better that than being ignored.""
Term: service
Output: positive

    
Task:
Input: Once at the table our waitress managed on two occasions to take 15 minutes bringing drinks to our table, our plates sat uncleared on the table for just as long.
Prompt: What is the sentiment in the text towards 'waitress'? Only respond with ""positive"", ""negative"" or ""neutral"" as one word."
318,318,121,318,"Once at the table our waitress managed on two occasions to take 15 minutes bringing drinks to our table, our plates sat uncleared on the table for just as long.",drinks,neutral,0,"Input: ""The decor is not special at all but their food and amazing prices make up for it.""
Term: decor
Output: negative
",3,"Input: ""when tables opened up, the manager sat another party before us.""
Term: tables
Output: neutral
",9,"Input: ""service is good although a bit in your face, we were asked every five mins if food was ok, but better that than being ignored.""
Term: service
Output: positive
",negative,prompt_single_term_fewshot,"Example 1:
Input: ""The decor is not special at all but their food and amazing prices make up for it.""
Term: decor
Output: negative


Example 2:
Input: ""when tables opened up, the manager sat another party before us.""
Term: tables
Output: neutral


Example 3
Input: ""service is good although a bit in your face, we were asked every five mins if food was ok, but better that than being ignored.""
Term: service
Output: positive

    
Task:
Input: Once at the table our waitress managed on two occasions to take 15 minutes bringing drinks to our table, our plates sat uncleared on the table for just as long.
Prompt: What is the sentiment in the text towards 'drinks'? Only respond with ""positive"", ""negative"" or ""neutral"" as one word."
319,319,121,319,"Once at the table our waitress managed on two occasions to take 15 minutes bringing drinks to our table, our plates sat uncleared on the table for just as long.",plates,neutral,0,"Input: ""The decor is not special at all but their food and amazing prices make up for it.""
Term: decor
Output: negative
",3,"Input: ""when tables opened up, the manager sat another party before us.""
Term: tables
Output: neutral
",9,"Input: ""service is good although a bit in your face, we were asked every five mins if food was ok, but better that than being ignored.""
Term: service
Output: positive
",negative,prompt_single_term_fewshot,"Example 1:
Input: ""The decor is not special at all but their food and amazing prices make up for it.""
Term: decor
Output: negative


Example 2:
Input: ""when tables opened up, the manager sat another party before us.""
Term: tables
Output: neutral


Example 3
Input: ""service is good although a bit in your face, we were asked every five mins if food was ok, but better that than being ignored.""
Term: service
Output: positive

    
Task:
Input: Once at the table our waitress managed on two occasions to take 15 minutes bringing drinks to our table, our plates sat uncleared on the table for just as long.
Prompt: What is the sentiment in the text towards 'plates'? Only respond with ""positive"", ""negative"" or ""neutral"" as one word."
320,320,122,320,"Miyagi is my sushi restaurant of choice in the Village; it's never insanely crowded, the service is very sweet (I've never experienced any of the nastiness described in prior reviews), and the tabs are small.",service,positive,0,"Input: ""The decor is not special at all but their food and amazing prices make up for it.""
Term: decor
Output: negative
",3,"Input: ""when tables opened up, the manager sat another party before us.""
Term: tables
Output: neutral
",9,"Input: ""service is good although a bit in your face, we were asked every five mins if food was ok, but better that than being ignored.""
Term: service
Output: positive
",positive,prompt_single_term_fewshot,"Example 1:
Input: ""The decor is not special at all but their food and amazing prices make up for it.""
Term: decor
Output: negative


Example 2:
Input: ""when tables opened up, the manager sat another party before us.""
Term: tables
Output: neutral


Example 3
Input: ""service is good although a bit in your face, we were asked every five mins if food was ok, but better that than being ignored.""
Term: service
Output: positive

    
Task:
Input: Miyagi is my sushi restaurant of choice in the Village; it's never insanely crowded, the service is very sweet (I've never experienced any of the nastiness described in prior reviews), and the tabs are small.
Prompt: What is the sentiment in the text towards 'service'? Only respond with ""positive"", ""negative"" or ""neutral"" as one word."
321,321,122,321,"Miyagi is my sushi restaurant of choice in the Village; it's never insanely crowded, the service is very sweet (I've never experienced any of the nastiness described in prior reviews), and the tabs are small.",tabs,negative,0,"Input: ""The decor is not special at all but their food and amazing prices make up for it.""
Term: decor
Output: negative
",3,"Input: ""when tables opened up, the manager sat another party before us.""
Term: tables
Output: neutral
",9,"Input: ""service is good although a bit in your face, we were asked every five mins if food was ok, but better that than being ignored.""
Term: service
Output: positive
",positive,prompt_single_term_fewshot,"Example 1:
Input: ""The decor is not special at all but their food and amazing prices make up for it.""
Term: decor
Output: negative


Example 2:
Input: ""when tables opened up, the manager sat another party before us.""
Term: tables
Output: neutral


Example 3
Input: ""service is good although a bit in your face, we were asked every five mins if food was ok, but better that than being ignored.""
Term: service
Output: positive

    
Task:
Input: Miyagi is my sushi restaurant of choice in the Village; it's never insanely crowded, the service is very sweet (I've never experienced any of the nastiness described in prior reviews), and the tabs are small.
Prompt: What is the sentiment in the text towards 'tabs'? Only respond with ""positive"", ""negative"" or ""neutral"" as one word."
322,322,123,322,I couple of weeks ago we went to Supper in the east village and it was so bad that we got up and left and the only way to save the evening of horrible food was to go to Blue Ribbon Bakery and have at least one thing off the menu.,food,negative,0,"Input: ""The decor is not special at all but their food and amazing prices make up for it.""
Term: decor
Output: negative
",3,"Input: ""when tables opened up, the manager sat another party before us.""
Term: tables
Output: neutral
",9,"Input: ""service is good although a bit in your face, we were asked every five mins if food was ok, but better that than being ignored.""
Term: service
Output: positive
",negative,prompt_single_term_fewshot,"Example 1:
Input: ""The decor is not special at all but their food and amazing prices make up for it.""
Term: decor
Output: negative


Example 2:
Input: ""when tables opened up, the manager sat another party before us.""
Term: tables
Output: neutral


Example 3
Input: ""service is good although a bit in your face, we were asked every five mins if food was ok, but better that than being ignored.""
Term: service
Output: positive

    
Task:
Input: I couple of weeks ago we went to Supper in the east village and it was so bad that we got up and left and the only way to save the evening of horrible food was to go to Blue Ribbon Bakery and have at least one thing off the menu.
Prompt: What is the sentiment in the text towards 'food'? Only respond with ""positive"", ""negative"" or ""neutral"" as one word."
323,323,123,323,I couple of weeks ago we went to Supper in the east village and it was so bad that we got up and left and the only way to save the evening of horrible food was to go to Blue Ribbon Bakery and have at least one thing off the menu.,Bakery,neutral,0,"Input: ""The decor is not special at all but their food and amazing prices make up for it.""
Term: decor
Output: negative
",3,"Input: ""when tables opened up, the manager sat another party before us.""
Term: tables
Output: neutral
",9,"Input: ""service is good although a bit in your face, we were asked every five mins if food was ok, but better that than being ignored.""
Term: service
Output: positive
",positive,prompt_single_term_fewshot,"Example 1:
Input: ""The decor is not special at all but their food and amazing prices make up for it.""
Term: decor
Output: negative


Example 2:
Input: ""when tables opened up, the manager sat another party before us.""
Term: tables
Output: neutral


Example 3
Input: ""service is good although a bit in your face, we were asked every five mins if food was ok, but better that than being ignored.""
Term: service
Output: positive

    
Task:
Input: I couple of weeks ago we went to Supper in the east village and it was so bad that we got up and left and the only way to save the evening of horrible food was to go to Blue Ribbon Bakery and have at least one thing off the menu.
Prompt: What is the sentiment in the text towards 'Bakery'? Only respond with ""positive"", ""negative"" or ""neutral"" as one word."
324,324,123,324,I couple of weeks ago we went to Supper in the east village and it was so bad that we got up and left and the only way to save the evening of horrible food was to go to Blue Ribbon Bakery and have at least one thing off the menu.,menu,neutral,0,"Input: ""The decor is not special at all but their food and amazing prices make up for it.""
Term: decor
Output: negative
",3,"Input: ""when tables opened up, the manager sat another party before us.""
Term: tables
Output: neutral
",9,"Input: ""service is good although a bit in your face, we were asked every five mins if food was ok, but better that than being ignored.""
Term: service
Output: positive
",positive,prompt_single_term_fewshot,"Example 1:
Input: ""The decor is not special at all but their food and amazing prices make up for it.""
Term: decor
Output: negative


Example 2:
Input: ""when tables opened up, the manager sat another party before us.""
Term: tables
Output: neutral


Example 3
Input: ""service is good although a bit in your face, we were asked every five mins if food was ok, but better that than being ignored.""
Term: service
Output: positive

    
Task:
Input: I couple of weeks ago we went to Supper in the east village and it was so bad that we got up and left and the only way to save the evening of horrible food was to go to Blue Ribbon Bakery and have at least one thing off the menu.
Prompt: What is the sentiment in the text towards 'menu'? Only respond with ""positive"", ""negative"" or ""neutral"" as one word."
325,325,124,325,Been here a few times and food has always been good but service really suffers when it gets crowded.,food,positive,0,"Input: ""The decor is not special at all but their food and amazing prices make up for it.""
Term: decor
Output: negative
",3,"Input: ""when tables opened up, the manager sat another party before us.""
Term: tables
Output: neutral
",9,"Input: ""service is good although a bit in your face, we were asked every five mins if food was ok, but better that than being ignored.""
Term: service
Output: positive
",positive,prompt_single_term_fewshot,"Example 1:
Input: ""The decor is not special at all but their food and amazing prices make up for it.""
Term: decor
Output: negative


Example 2:
Input: ""when tables opened up, the manager sat another party before us.""
Term: tables
Output: neutral


Example 3
Input: ""service is good although a bit in your face, we were asked every five mins if food was ok, but better that than being ignored.""
Term: service
Output: positive

    
Task:
Input: Been here a few times and food has always been good but service really suffers when it gets crowded.
Prompt: What is the sentiment in the text towards 'food'? Only respond with ""positive"", ""negative"" or ""neutral"" as one word."
326,326,124,326,Been here a few times and food has always been good but service really suffers when it gets crowded.,service,negative,0,"Input: ""The decor is not special at all but their food and amazing prices make up for it.""
Term: decor
Output: negative
",3,"Input: ""when tables opened up, the manager sat another party before us.""
Term: tables
Output: neutral
",9,"Input: ""service is good although a bit in your face, we were asked every five mins if food was ok, but better that than being ignored.""
Term: service
Output: positive
",negative,prompt_single_term_fewshot,"Example 1:
Input: ""The decor is not special at all but their food and amazing prices make up for it.""
Term: decor
Output: negative


Example 2:
Input: ""when tables opened up, the manager sat another party before us.""
Term: tables
Output: neutral


Example 3
Input: ""service is good although a bit in your face, we were asked every five mins if food was ok, but better that than being ignored.""
Term: service
Output: positive

    
Task:
Input: Been here a few times and food has always been good but service really suffers when it gets crowded.
Prompt: What is the sentiment in the text towards 'service'? Only respond with ""positive"", ""negative"" or ""neutral"" as one word."
327,327,125,327,"I was surprised by the small ice cream dessert from the restaurant to the birthday girl free of charge, but if they're going to give a nice service the one ice cream scoop on a stick didn't leave a strong enough impression.",ice cream dessert,positive,0,"Input: ""The decor is not special at all but their food and amazing prices make up for it.""
Term: decor
Output: negative
",3,"Input: ""when tables opened up, the manager sat another party before us.""
Term: tables
Output: neutral
",9,"Input: ""service is good although a bit in your face, we were asked every five mins if food was ok, but better that than being ignored.""
Term: service
Output: positive
",negative,prompt_single_term_fewshot,"Example 1:
Input: ""The decor is not special at all but their food and amazing prices make up for it.""
Term: decor
Output: negative


Example 2:
Input: ""when tables opened up, the manager sat another party before us.""
Term: tables
Output: neutral


Example 3
Input: ""service is good although a bit in your face, we were asked every five mins if food was ok, but better that than being ignored.""
Term: service
Output: positive

    
Task:
Input: I was surprised by the small ice cream dessert from the restaurant to the birthday girl free of charge, but if they're going to give a nice service the one ice cream scoop on a stick didn't leave a strong enough impression.
Prompt: What is the sentiment in the text towards 'ice cream dessert'? Only respond with ""positive"", ""negative"" or ""neutral"" as one word."
328,328,125,328,"I was surprised by the small ice cream dessert from the restaurant to the birthday girl free of charge, but if they're going to give a nice service the one ice cream scoop on a stick didn't leave a strong enough impression.",service,positive,0,"Input: ""The decor is not special at all but their food and amazing prices make up for it.""
Term: decor
Output: negative
",3,"Input: ""when tables opened up, the manager sat another party before us.""
Term: tables
Output: neutral
",9,"Input: ""service is good although a bit in your face, we were asked every five mins if food was ok, but better that than being ignored.""
Term: service
Output: positive
",positive,prompt_single_term_fewshot,"Example 1:
Input: ""The decor is not special at all but their food and amazing prices make up for it.""
Term: decor
Output: negative


Example 2:
Input: ""when tables opened up, the manager sat another party before us.""
Term: tables
Output: neutral


Example 3
Input: ""service is good although a bit in your face, we were asked every five mins if food was ok, but better that than being ignored.""
Term: service
Output: positive

    
Task:
Input: I was surprised by the small ice cream dessert from the restaurant to the birthday girl free of charge, but if they're going to give a nice service the one ice cream scoop on a stick didn't leave a strong enough impression.
Prompt: What is the sentiment in the text towards 'service'? Only respond with ""positive"", ""negative"" or ""neutral"" as one word."
329,329,125,329,"I was surprised by the small ice cream dessert from the restaurant to the birthday girl free of charge, but if they're going to give a nice service the one ice cream scoop on a stick didn't leave a strong enough impression.",ice cream scoop,neutral,0,"Input: ""The decor is not special at all but their food and amazing prices make up for it.""
Term: decor
Output: negative
",3,"Input: ""when tables opened up, the manager sat another party before us.""
Term: tables
Output: neutral
",9,"Input: ""service is good although a bit in your face, we were asked every five mins if food was ok, but better that than being ignored.""
Term: service
Output: positive
",negative,prompt_single_term_fewshot,"Example 1:
Input: ""The decor is not special at all but their food and amazing prices make up for it.""
Term: decor
Output: negative


Example 2:
Input: ""when tables opened up, the manager sat another party before us.""
Term: tables
Output: neutral


Example 3
Input: ""service is good although a bit in your face, we were asked every five mins if food was ok, but better that than being ignored.""
Term: service
Output: positive

    
Task:
Input: I was surprised by the small ice cream dessert from the restaurant to the birthday girl free of charge, but if they're going to give a nice service the one ice cream scoop on a stick didn't leave a strong enough impression.
Prompt: What is the sentiment in the text towards 'ice cream scoop'? Only respond with ""positive"", ""negative"" or ""neutral"" as one word."
330,330,126,330,"We went for Buffet lunch and the sauce was water down, not at all spicy.",Buffet lunch,neutral,0,"Input: ""The decor is not special at all but their food and amazing prices make up for it.""
Term: decor
Output: negative
",3,"Input: ""when tables opened up, the manager sat another party before us.""
Term: tables
Output: neutral
",9,"Input: ""service is good although a bit in your face, we were asked every five mins if food was ok, but better that than being ignored.""
Term: service
Output: positive
",neutral,prompt_single_term_fewshot,"Example 1:
Input: ""The decor is not special at all but their food and amazing prices make up for it.""
Term: decor
Output: negative


Example 2:
Input: ""when tables opened up, the manager sat another party before us.""
Term: tables
Output: neutral


Example 3
Input: ""service is good although a bit in your face, we were asked every five mins if food was ok, but better that than being ignored.""
Term: service
Output: positive

    
Task:
Input: We went for Buffet lunch and the sauce was water down, not at all spicy.
Prompt: What is the sentiment in the text towards 'Buffet lunch'? Only respond with ""positive"", ""negative"" or ""neutral"" as one word."
331,331,126,331,"We went for Buffet lunch and the sauce was water down, not at all spicy.",sauce,negative,0,"Input: ""The decor is not special at all but their food and amazing prices make up for it.""
Term: decor
Output: negative
",3,"Input: ""when tables opened up, the manager sat another party before us.""
Term: tables
Output: neutral
",9,"Input: ""service is good although a bit in your face, we were asked every five mins if food was ok, but better that than being ignored.""
Term: service
Output: positive
",negative,prompt_single_term_fewshot,"Example 1:
Input: ""The decor is not special at all but their food and amazing prices make up for it.""
Term: decor
Output: negative


Example 2:
Input: ""when tables opened up, the manager sat another party before us.""
Term: tables
Output: neutral


Example 3
Input: ""service is good although a bit in your face, we were asked every five mins if food was ok, but better that than being ignored.""
Term: service
Output: positive

    
Task:
Input: We went for Buffet lunch and the sauce was water down, not at all spicy.
Prompt: What is the sentiment in the text towards 'sauce'? Only respond with ""positive"", ""negative"" or ""neutral"" as one word."
332,332,127,332,The service was less than spectacular (two waiters fought in front of us over which one got our table) and the bread put out as an appetizer was sub-par.,waiters,negative,0,"Input: ""The decor is not special at all but their food and amazing prices make up for it.""
Term: decor
Output: negative
",3,"Input: ""when tables opened up, the manager sat another party before us.""
Term: tables
Output: neutral
",9,"Input: ""service is good although a bit in your face, we were asked every five mins if food was ok, but better that than being ignored.""
Term: service
Output: positive
",negative,prompt_single_term_fewshot,"Example 1:
Input: ""The decor is not special at all but their food and amazing prices make up for it.""
Term: decor
Output: negative


Example 2:
Input: ""when tables opened up, the manager sat another party before us.""
Term: tables
Output: neutral


Example 3
Input: ""service is good although a bit in your face, we were asked every five mins if food was ok, but better that than being ignored.""
Term: service
Output: positive

    
Task:
Input: The service was less than spectacular (two waiters fought in front of us over which one got our table) and the bread put out as an appetizer was sub-par.
Prompt: What is the sentiment in the text towards 'waiters'? Only respond with ""positive"", ""negative"" or ""neutral"" as one word."
333,333,127,333,The service was less than spectacular (two waiters fought in front of us over which one got our table) and the bread put out as an appetizer was sub-par.,bread,neutral,0,"Input: ""The decor is not special at all but their food and amazing prices make up for it.""
Term: decor
Output: negative
",3,"Input: ""when tables opened up, the manager sat another party before us.""
Term: tables
Output: neutral
",9,"Input: ""service is good although a bit in your face, we were asked every five mins if food was ok, but better that than being ignored.""
Term: service
Output: positive
",negative,prompt_single_term_fewshot,"Example 1:
Input: ""The decor is not special at all but their food and amazing prices make up for it.""
Term: decor
Output: negative


Example 2:
Input: ""when tables opened up, the manager sat another party before us.""
Term: tables
Output: neutral


Example 3
Input: ""service is good although a bit in your face, we were asked every five mins if food was ok, but better that than being ignored.""
Term: service
Output: positive

    
Task:
Input: The service was less than spectacular (two waiters fought in front of us over which one got our table) and the bread put out as an appetizer was sub-par.
Prompt: What is the sentiment in the text towards 'bread'? Only respond with ""positive"", ""negative"" or ""neutral"" as one word."
334,334,127,334,The service was less than spectacular (two waiters fought in front of us over which one got our table) and the bread put out as an appetizer was sub-par.,appetizer,negative,0,"Input: ""The decor is not special at all but their food and amazing prices make up for it.""
Term: decor
Output: negative
",3,"Input: ""when tables opened up, the manager sat another party before us.""
Term: tables
Output: neutral
",9,"Input: ""service is good although a bit in your face, we were asked every five mins if food was ok, but better that than being ignored.""
Term: service
Output: positive
",negative,prompt_single_term_fewshot,"Example 1:
Input: ""The decor is not special at all but their food and amazing prices make up for it.""
Term: decor
Output: negative


Example 2:
Input: ""when tables opened up, the manager sat another party before us.""
Term: tables
Output: neutral


Example 3
Input: ""service is good although a bit in your face, we were asked every five mins if food was ok, but better that than being ignored.""
Term: service
Output: positive

    
Task:
Input: The service was less than spectacular (two waiters fought in front of us over which one got our table) and the bread put out as an appetizer was sub-par.
Prompt: What is the sentiment in the text towards 'appetizer'? Only respond with ""positive"", ""negative"" or ""neutral"" as one word."
335,335,128,335,"The only apparent flavor in any of the dishes was heat, and a table of four gourmands left at least half of our meals on our plates.",flavor,negative,0,"Input: ""The decor is not special at all but their food and amazing prices make up for it.""
Term: decor
Output: negative
",3,"Input: ""when tables opened up, the manager sat another party before us.""
Term: tables
Output: neutral
",9,"Input: ""service is good although a bit in your face, we were asked every five mins if food was ok, but better that than being ignored.""
Term: service
Output: positive
",negative,prompt_single_term_fewshot,"Example 1:
Input: ""The decor is not special at all but their food and amazing prices make up for it.""
Term: decor
Output: negative


Example 2:
Input: ""when tables opened up, the manager sat another party before us.""
Term: tables
Output: neutral


Example 3
Input: ""service is good although a bit in your face, we were asked every five mins if food was ok, but better that than being ignored.""
Term: service
Output: positive

    
Task:
Input: The only apparent flavor in any of the dishes was heat, and a table of four gourmands left at least half of our meals on our plates.
Prompt: What is the sentiment in the text towards 'flavor'? Only respond with ""positive"", ""negative"" or ""neutral"" as one word."
336,336,128,336,"The only apparent flavor in any of the dishes was heat, and a table of four gourmands left at least half of our meals on our plates.",table,neutral,0,"Input: ""The decor is not special at all but their food and amazing prices make up for it.""
Term: decor
Output: negative
",3,"Input: ""when tables opened up, the manager sat another party before us.""
Term: tables
Output: neutral
",9,"Input: ""service is good although a bit in your face, we were asked every five mins if food was ok, but better that than being ignored.""
Term: service
Output: positive
",neutral,prompt_single_term_fewshot,"Example 1:
Input: ""The decor is not special at all but their food and amazing prices make up for it.""
Term: decor
Output: negative


Example 2:
Input: ""when tables opened up, the manager sat another party before us.""
Term: tables
Output: neutral


Example 3
Input: ""service is good although a bit in your face, we were asked every five mins if food was ok, but better that than being ignored.""
Term: service
Output: positive

    
Task:
Input: The only apparent flavor in any of the dishes was heat, and a table of four gourmands left at least half of our meals on our plates.
Prompt: What is the sentiment in the text towards 'table'? Only respond with ""positive"", ""negative"" or ""neutral"" as one word."
337,337,128,337,"The only apparent flavor in any of the dishes was heat, and a table of four gourmands left at least half of our meals on our plates.",meals,neutral,0,"Input: ""The decor is not special at all but their food and amazing prices make up for it.""
Term: decor
Output: negative
",3,"Input: ""when tables opened up, the manager sat another party before us.""
Term: tables
Output: neutral
",9,"Input: ""service is good although a bit in your face, we were asked every five mins if food was ok, but better that than being ignored.""
Term: service
Output: positive
",negative,prompt_single_term_fewshot,"Example 1:
Input: ""The decor is not special at all but their food and amazing prices make up for it.""
Term: decor
Output: negative


Example 2:
Input: ""when tables opened up, the manager sat another party before us.""
Term: tables
Output: neutral


Example 3
Input: ""service is good although a bit in your face, we were asked every five mins if food was ok, but better that than being ignored.""
Term: service
Output: positive

    
Task:
Input: The only apparent flavor in any of the dishes was heat, and a table of four gourmands left at least half of our meals on our plates.
Prompt: What is the sentiment in the text towards 'meals'? Only respond with ""positive"", ""negative"" or ""neutral"" as one word."
338,338,129,338,"impressive balcony seating and while they forgot to give us the cold appetizers, the waiter and maitre'd more than made up for it by being most accomodating to us.",seating,neutral,0,"Input: ""The decor is not special at all but their food and amazing prices make up for it.""
Term: decor
Output: negative
",3,"Input: ""when tables opened up, the manager sat another party before us.""
Term: tables
Output: neutral
",9,"Input: ""service is good although a bit in your face, we were asked every five mins if food was ok, but better that than being ignored.""
Term: service
Output: positive
",positive,prompt_single_term_fewshot,"Example 1:
Input: ""The decor is not special at all but their food and amazing prices make up for it.""
Term: decor
Output: negative


Example 2:
Input: ""when tables opened up, the manager sat another party before us.""
Term: tables
Output: neutral


Example 3
Input: ""service is good although a bit in your face, we were asked every five mins if food was ok, but better that than being ignored.""
Term: service
Output: positive

    
Task:
Input: impressive balcony seating and while they forgot to give us the cold appetizers, the waiter and maitre'd more than made up for it by being most accomodating to us.
Prompt: What is the sentiment in the text towards 'seating'? Only respond with ""positive"", ""negative"" or ""neutral"" as one word."
339,339,129,339,"impressive balcony seating and while they forgot to give us the cold appetizers, the waiter and maitre'd more than made up for it by being most accomodating to us.",waiter,positive,0,"Input: ""The decor is not special at all but their food and amazing prices make up for it.""
Term: decor
Output: negative
",3,"Input: ""when tables opened up, the manager sat another party before us.""
Term: tables
Output: neutral
",9,"Input: ""service is good although a bit in your face, we were asked every five mins if food was ok, but better that than being ignored.""
Term: service
Output: positive
",positive,prompt_single_term_fewshot,"Example 1:
Input: ""The decor is not special at all but their food and amazing prices make up for it.""
Term: decor
Output: negative


Example 2:
Input: ""when tables opened up, the manager sat another party before us.""
Term: tables
Output: neutral


Example 3
Input: ""service is good although a bit in your face, we were asked every five mins if food was ok, but better that than being ignored.""
Term: service
Output: positive

    
Task:
Input: impressive balcony seating and while they forgot to give us the cold appetizers, the waiter and maitre'd more than made up for it by being most accomodating to us.
Prompt: What is the sentiment in the text towards 'waiter'? Only respond with ""positive"", ""negative"" or ""neutral"" as one word."
340,340,129,340,"impressive balcony seating and while they forgot to give us the cold appetizers, the waiter and maitre'd more than made up for it by being most accomodating to us.",maitre,positive,0,"Input: ""The decor is not special at all but their food and amazing prices make up for it.""
Term: decor
Output: negative
",3,"Input: ""when tables opened up, the manager sat another party before us.""
Term: tables
Output: neutral
",9,"Input: ""service is good although a bit in your face, we were asked every five mins if food was ok, but better that than being ignored.""
Term: service
Output: positive
",positive,prompt_single_term_fewshot,"Example 1:
Input: ""The decor is not special at all but their food and amazing prices make up for it.""
Term: decor
Output: negative


Example 2:
Input: ""when tables opened up, the manager sat another party before us.""
Term: tables
Output: neutral


Example 3
Input: ""service is good although a bit in your face, we were asked every five mins if food was ok, but better that than being ignored.""
Term: service
Output: positive

    
Task:
Input: impressive balcony seating and while they forgot to give us the cold appetizers, the waiter and maitre'd more than made up for it by being most accomodating to us.
Prompt: What is the sentiment in the text towards 'maitre'? Only respond with ""positive"", ""negative"" or ""neutral"" as one word."
341,341,130,341,"Mussels in deeply aromatic lemongrass broth make an excellent starter, as do the light and spicy house samosas.",Mussels,neutral,0,"Input: ""The decor is not special at all but their food and amazing prices make up for it.""
Term: decor
Output: negative
",3,"Input: ""when tables opened up, the manager sat another party before us.""
Term: tables
Output: neutral
",9,"Input: ""service is good although a bit in your face, we were asked every five mins if food was ok, but better that than being ignored.""
Term: service
Output: positive
",positive,prompt_single_term_fewshot,"Example 1:
Input: ""The decor is not special at all but their food and amazing prices make up for it.""
Term: decor
Output: negative


Example 2:
Input: ""when tables opened up, the manager sat another party before us.""
Term: tables
Output: neutral


Example 3
Input: ""service is good although a bit in your face, we were asked every five mins if food was ok, but better that than being ignored.""
Term: service
Output: positive

    
Task:
Input: Mussels in deeply aromatic lemongrass broth make an excellent starter, as do the light and spicy house samosas.
Prompt: What is the sentiment in the text towards 'Mussels'? Only respond with ""positive"", ""negative"" or ""neutral"" as one word."
342,342,130,342,"Mussels in deeply aromatic lemongrass broth make an excellent starter, as do the light and spicy house samosas.",starter,positive,0,"Input: ""The decor is not special at all but their food and amazing prices make up for it.""
Term: decor
Output: negative
",3,"Input: ""when tables opened up, the manager sat another party before us.""
Term: tables
Output: neutral
",9,"Input: ""service is good although a bit in your face, we were asked every five mins if food was ok, but better that than being ignored.""
Term: service
Output: positive
",positive,prompt_single_term_fewshot,"Example 1:
Input: ""The decor is not special at all but their food and amazing prices make up for it.""
Term: decor
Output: negative


Example 2:
Input: ""when tables opened up, the manager sat another party before us.""
Term: tables
Output: neutral


Example 3
Input: ""service is good although a bit in your face, we were asked every five mins if food was ok, but better that than being ignored.""
Term: service
Output: positive

    
Task:
Input: Mussels in deeply aromatic lemongrass broth make an excellent starter, as do the light and spicy house samosas.
Prompt: What is the sentiment in the text towards 'starter'? Only respond with ""positive"", ""negative"" or ""neutral"" as one word."
343,343,131,343,"the service is pushy and the food looks good but is completely average (chewy steak, tasteless rice and beans).",service,negative,0,"Input: ""The decor is not special at all but their food and amazing prices make up for it.""
Term: decor
Output: negative
",3,"Input: ""when tables opened up, the manager sat another party before us.""
Term: tables
Output: neutral
",9,"Input: ""service is good although a bit in your face, we were asked every five mins if food was ok, but better that than being ignored.""
Term: service
Output: positive
",negative,prompt_single_term_fewshot,"Example 1:
Input: ""The decor is not special at all but their food and amazing prices make up for it.""
Term: decor
Output: negative


Example 2:
Input: ""when tables opened up, the manager sat another party before us.""
Term: tables
Output: neutral


Example 3
Input: ""service is good although a bit in your face, we were asked every five mins if food was ok, but better that than being ignored.""
Term: service
Output: positive

    
Task:
Input: the service is pushy and the food looks good but is completely average (chewy steak, tasteless rice and beans).
Prompt: What is the sentiment in the text towards 'service'? Only respond with ""positive"", ""negative"" or ""neutral"" as one word."
344,344,131,344,"the service is pushy and the food looks good but is completely average (chewy steak, tasteless rice and beans).",food,positive,0,"Input: ""The decor is not special at all but their food and amazing prices make up for it.""
Term: decor
Output: negative
",3,"Input: ""when tables opened up, the manager sat another party before us.""
Term: tables
Output: neutral
",9,"Input: ""service is good although a bit in your face, we were asked every five mins if food was ok, but better that than being ignored.""
Term: service
Output: positive
",negative,prompt_single_term_fewshot,"Example 1:
Input: ""The decor is not special at all but their food and amazing prices make up for it.""
Term: decor
Output: negative


Example 2:
Input: ""when tables opened up, the manager sat another party before us.""
Term: tables
Output: neutral


Example 3
Input: ""service is good although a bit in your face, we were asked every five mins if food was ok, but better that than being ignored.""
Term: service
Output: positive

    
Task:
Input: the service is pushy and the food looks good but is completely average (chewy steak, tasteless rice and beans).
Prompt: What is the sentiment in the text towards 'food'? Only respond with ""positive"", ""negative"" or ""neutral"" as one word."
345,345,131,345,"the service is pushy and the food looks good but is completely average (chewy steak, tasteless rice and beans).",steak,negative,0,"Input: ""The decor is not special at all but their food and amazing prices make up for it.""
Term: decor
Output: negative
",3,"Input: ""when tables opened up, the manager sat another party before us.""
Term: tables
Output: neutral
",9,"Input: ""service is good although a bit in your face, we were asked every five mins if food was ok, but better that than being ignored.""
Term: service
Output: positive
",negative,prompt_single_term_fewshot,"Example 1:
Input: ""The decor is not special at all but their food and amazing prices make up for it.""
Term: decor
Output: negative


Example 2:
Input: ""when tables opened up, the manager sat another party before us.""
Term: tables
Output: neutral


Example 3
Input: ""service is good although a bit in your face, we were asked every five mins if food was ok, but better that than being ignored.""
Term: service
Output: positive

    
Task:
Input: the service is pushy and the food looks good but is completely average (chewy steak, tasteless rice and beans).
Prompt: What is the sentiment in the text towards 'steak'? Only respond with ""positive"", ""negative"" or ""neutral"" as one word."
346,346,132,346,"The waiter appeared promptly, took our order, bought us drinks and was never to be seen again.",waiter,positive,0,"Input: ""The decor is not special at all but their food and amazing prices make up for it.""
Term: decor
Output: negative
",3,"Input: ""when tables opened up, the manager sat another party before us.""
Term: tables
Output: neutral
",9,"Input: ""service is good although a bit in your face, we were asked every five mins if food was ok, but better that than being ignored.""
Term: service
Output: positive
",negative,prompt_single_term_fewshot,"Example 1:
Input: ""The decor is not special at all but their food and amazing prices make up for it.""
Term: decor
Output: negative


Example 2:
Input: ""when tables opened up, the manager sat another party before us.""
Term: tables
Output: neutral


Example 3
Input: ""service is good although a bit in your face, we were asked every five mins if food was ok, but better that than being ignored.""
Term: service
Output: positive

    
Task:
Input: The waiter appeared promptly, took our order, bought us drinks and was never to be seen again.
Prompt: What is the sentiment in the text towards 'waiter'? Only respond with ""positive"", ""negative"" or ""neutral"" as one word."
347,347,132,347,"The waiter appeared promptly, took our order, bought us drinks and was never to be seen again.",drinks,neutral,0,"Input: ""The decor is not special at all but their food and amazing prices make up for it.""
Term: decor
Output: negative
",3,"Input: ""when tables opened up, the manager sat another party before us.""
Term: tables
Output: neutral
",9,"Input: ""service is good although a bit in your face, we were asked every five mins if food was ok, but better that than being ignored.""
Term: service
Output: positive
",neutral,prompt_single_term_fewshot,"Example 1:
Input: ""The decor is not special at all but their food and amazing prices make up for it.""
Term: decor
Output: negative


Example 2:
Input: ""when tables opened up, the manager sat another party before us.""
Term: tables
Output: neutral


Example 3
Input: ""service is good although a bit in your face, we were asked every five mins if food was ok, but better that than being ignored.""
Term: service
Output: positive

    
Task:
Input: The waiter appeared promptly, took our order, bought us drinks and was never to be seen again.
Prompt: What is the sentiment in the text towards 'drinks'? Only respond with ""positive"", ""negative"" or ""neutral"" as one word."
348,348,133,348,The waiter kept coming up and asking to take our plates while we were still eating and the manager stood and stared at us through half our meal!,waiter,negative,0,"Input: ""The decor is not special at all but their food and amazing prices make up for it.""
Term: decor
Output: negative
",3,"Input: ""when tables opened up, the manager sat another party before us.""
Term: tables
Output: neutral
",9,"Input: ""service is good although a bit in your face, we were asked every five mins if food was ok, but better that than being ignored.""
Term: service
Output: positive
",negative,prompt_single_term_fewshot,"Example 1:
Input: ""The decor is not special at all but their food and amazing prices make up for it.""
Term: decor
Output: negative


Example 2:
Input: ""when tables opened up, the manager sat another party before us.""
Term: tables
Output: neutral


Example 3
Input: ""service is good although a bit in your face, we were asked every five mins if food was ok, but better that than being ignored.""
Term: service
Output: positive

    
Task:
Input: The waiter kept coming up and asking to take our plates while we were still eating and the manager stood and stared at us through half our meal!
Prompt: What is the sentiment in the text towards 'waiter'? Only respond with ""positive"", ""negative"" or ""neutral"" as one word."
349,349,133,349,The waiter kept coming up and asking to take our plates while we were still eating and the manager stood and stared at us through half our meal!,plates,neutral,0,"Input: ""The decor is not special at all but their food and amazing prices make up for it.""
Term: decor
Output: negative
",3,"Input: ""when tables opened up, the manager sat another party before us.""
Term: tables
Output: neutral
",9,"Input: ""service is good although a bit in your face, we were asked every five mins if food was ok, but better that than being ignored.""
Term: service
Output: positive
",negative,prompt_single_term_fewshot,"Example 1:
Input: ""The decor is not special at all but their food and amazing prices make up for it.""
Term: decor
Output: negative


Example 2:
Input: ""when tables opened up, the manager sat another party before us.""
Term: tables
Output: neutral


Example 3
Input: ""service is good although a bit in your face, we were asked every five mins if food was ok, but better that than being ignored.""
Term: service
Output: positive

    
Task:
Input: The waiter kept coming up and asking to take our plates while we were still eating and the manager stood and stared at us through half our meal!
Prompt: What is the sentiment in the text towards 'plates'? Only respond with ""positive"", ""negative"" or ""neutral"" as one word."
350,350,133,350,The waiter kept coming up and asking to take our plates while we were still eating and the manager stood and stared at us through half our meal!,manager,negative,0,"Input: ""The decor is not special at all but their food and amazing prices make up for it.""
Term: decor
Output: negative
",3,"Input: ""when tables opened up, the manager sat another party before us.""
Term: tables
Output: neutral
",9,"Input: ""service is good although a bit in your face, we were asked every five mins if food was ok, but better that than being ignored.""
Term: service
Output: positive
",negative,prompt_single_term_fewshot,"Example 1:
Input: ""The decor is not special at all but their food and amazing prices make up for it.""
Term: decor
Output: negative


Example 2:
Input: ""when tables opened up, the manager sat another party before us.""
Term: tables
Output: neutral


Example 3
Input: ""service is good although a bit in your face, we were asked every five mins if food was ok, but better that than being ignored.""
Term: service
Output: positive

    
Task:
Input: The waiter kept coming up and asking to take our plates while we were still eating and the manager stood and stared at us through half our meal!
Prompt: What is the sentiment in the text towards 'manager'? Only respond with ""positive"", ""negative"" or ""neutral"" as one word."
351,351,133,351,The waiter kept coming up and asking to take our plates while we were still eating and the manager stood and stared at us through half our meal!,meal,neutral,0,"Input: ""The decor is not special at all but their food and amazing prices make up for it.""
Term: decor
Output: negative
",3,"Input: ""when tables opened up, the manager sat another party before us.""
Term: tables
Output: neutral
",9,"Input: ""service is good although a bit in your face, we were asked every five mins if food was ok, but better that than being ignored.""
Term: service
Output: positive
",negative,prompt_single_term_fewshot,"Example 1:
Input: ""The decor is not special at all but their food and amazing prices make up for it.""
Term: decor
Output: negative


Example 2:
Input: ""when tables opened up, the manager sat another party before us.""
Term: tables
Output: neutral


Example 3
Input: ""service is good although a bit in your face, we were asked every five mins if food was ok, but better that than being ignored.""
Term: service
Output: positive

    
Task:
Input: The waiter kept coming up and asking to take our plates while we were still eating and the manager stood and stared at us through half our meal!
Prompt: What is the sentiment in the text towards 'meal'? Only respond with ""positive"", ""negative"" or ""neutral"" as one word."
352,352,134,352,"Great for those hungover mornings when you need a decent pint and delicious, homemade food that will tide you over for the whole day.",homemade food,positive,0,"Input: ""The decor is not special at all but their food and amazing prices make up for it.""
Term: decor
Output: negative
",3,"Input: ""when tables opened up, the manager sat another party before us.""
Term: tables
Output: neutral
",9,"Input: ""service is good although a bit in your face, we were asked every five mins if food was ok, but better that than being ignored.""
Term: service
Output: positive
",positive,prompt_single_term_fewshot,"Example 1:
Input: ""The decor is not special at all but their food and amazing prices make up for it.""
Term: decor
Output: negative


Example 2:
Input: ""when tables opened up, the manager sat another party before us.""
Term: tables
Output: neutral


Example 3
Input: ""service is good although a bit in your face, we were asked every five mins if food was ok, but better that than being ignored.""
Term: service
Output: positive

    
Task:
Input: Great for those hungover mornings when you need a decent pint and delicious, homemade food that will tide you over for the whole day.
Prompt: What is the sentiment in the text towards 'homemade food'? Only respond with ""positive"", ""negative"" or ""neutral"" as one word."
353,353,134,353,"Great for those hungover mornings when you need a decent pint and delicious, homemade food that will tide you over for the whole day.",day,neutral,0,"Input: ""The decor is not special at all but their food and amazing prices make up for it.""
Term: decor
Output: negative
",3,"Input: ""when tables opened up, the manager sat another party before us.""
Term: tables
Output: neutral
",9,"Input: ""service is good although a bit in your face, we were asked every five mins if food was ok, but better that than being ignored.""
Term: service
Output: positive
",positive,prompt_single_term_fewshot,"Example 1:
Input: ""The decor is not special at all but their food and amazing prices make up for it.""
Term: decor
Output: negative


Example 2:
Input: ""when tables opened up, the manager sat another party before us.""
Term: tables
Output: neutral


Example 3
Input: ""service is good although a bit in your face, we were asked every five mins if food was ok, but better that than being ignored.""
Term: service
Output: positive

    
Task:
Input: Great for those hungover mornings when you need a decent pint and delicious, homemade food that will tide you over for the whole day.
Prompt: What is the sentiment in the text towards 'day'? Only respond with ""positive"", ""negative"" or ""neutral"" as one word."
354,354,135,354,"The waitress was no where to be found at all throughout the course of the meal, did not refill a single drink nor did she bother to inquire about my satisfaction with the food or even bring the check at the conclusion of the meal.",waitress,negative,0,"Input: ""The decor is not special at all but their food and amazing prices make up for it.""
Term: decor
Output: negative
",3,"Input: ""when tables opened up, the manager sat another party before us.""
Term: tables
Output: neutral
",9,"Input: ""service is good although a bit in your face, we were asked every five mins if food was ok, but better that than being ignored.""
Term: service
Output: positive
",negative,prompt_single_term_fewshot,"Example 1:
Input: ""The decor is not special at all but their food and amazing prices make up for it.""
Term: decor
Output: negative


Example 2:
Input: ""when tables opened up, the manager sat another party before us.""
Term: tables
Output: neutral


Example 3
Input: ""service is good although a bit in your face, we were asked every five mins if food was ok, but better that than being ignored.""
Term: service
Output: positive

    
Task:
Input: The waitress was no where to be found at all throughout the course of the meal, did not refill a single drink nor did she bother to inquire about my satisfaction with the food or even bring the check at the conclusion of the meal.
Prompt: What is the sentiment in the text towards 'waitress'? Only respond with ""positive"", ""negative"" or ""neutral"" as one word."
355,355,135,355,"The waitress was no where to be found at all throughout the course of the meal, did not refill a single drink nor did she bother to inquire about my satisfaction with the food or even bring the check at the conclusion of the meal.",single drink,neutral,0,"Input: ""The decor is not special at all but their food and amazing prices make up for it.""
Term: decor
Output: negative
",3,"Input: ""when tables opened up, the manager sat another party before us.""
Term: tables
Output: neutral
",9,"Input: ""service is good although a bit in your face, we were asked every five mins if food was ok, but better that than being ignored.""
Term: service
Output: positive
",negative,prompt_single_term_fewshot,"Example 1:
Input: ""The decor is not special at all but their food and amazing prices make up for it.""
Term: decor
Output: negative


Example 2:
Input: ""when tables opened up, the manager sat another party before us.""
Term: tables
Output: neutral


Example 3
Input: ""service is good although a bit in your face, we were asked every five mins if food was ok, but better that than being ignored.""
Term: service
Output: positive

    
Task:
Input: The waitress was no where to be found at all throughout the course of the meal, did not refill a single drink nor did she bother to inquire about my satisfaction with the food or even bring the check at the conclusion of the meal.
Prompt: What is the sentiment in the text towards 'single drink'? Only respond with ""positive"", ""negative"" or ""neutral"" as one word."
356,356,135,356,"The waitress was no where to be found at all throughout the course of the meal, did not refill a single drink nor did she bother to inquire about my satisfaction with the food or even bring the check at the conclusion of the meal.",food,neutral,0,"Input: ""The decor is not special at all but their food and amazing prices make up for it.""
Term: decor
Output: negative
",3,"Input: ""when tables opened up, the manager sat another party before us.""
Term: tables
Output: neutral
",9,"Input: ""service is good although a bit in your face, we were asked every five mins if food was ok, but better that than being ignored.""
Term: service
Output: positive
",neutral,prompt_single_term_fewshot,"Example 1:
Input: ""The decor is not special at all but their food and amazing prices make up for it.""
Term: decor
Output: negative


Example 2:
Input: ""when tables opened up, the manager sat another party before us.""
Term: tables
Output: neutral


Example 3
Input: ""service is good although a bit in your face, we were asked every five mins if food was ok, but better that than being ignored.""
Term: service
Output: positive

    
Task:
Input: The waitress was no where to be found at all throughout the course of the meal, did not refill a single drink nor did she bother to inquire about my satisfaction with the food or even bring the check at the conclusion of the meal.
Prompt: What is the sentiment in the text towards 'food'? Only respond with ""positive"", ""negative"" or ""neutral"" as one word."
357,357,136,357,(Though the filet won't be enough if both have hearty apitites.,filet,negative,0,"Input: ""The decor is not special at all but their food and amazing prices make up for it.""
Term: decor
Output: negative
",3,"Input: ""when tables opened up, the manager sat another party before us.""
Term: tables
Output: neutral
",9,"Input: ""service is good although a bit in your face, we were asked every five mins if food was ok, but better that than being ignored.""
Term: service
Output: positive
",negative,prompt_single_term_fewshot,"Example 1:
Input: ""The decor is not special at all but their food and amazing prices make up for it.""
Term: decor
Output: negative


Example 2:
Input: ""when tables opened up, the manager sat another party before us.""
Term: tables
Output: neutral


Example 3
Input: ""service is good although a bit in your face, we were asked every five mins if food was ok, but better that than being ignored.""
Term: service
Output: positive

    
Task:
Input: (Though the filet won't be enough if both have hearty apitites.
Prompt: What is the sentiment in the text towards 'filet'? Only respond with ""positive"", ""negative"" or ""neutral"" as one word."
358,358,136,358,(Though the filet won't be enough if both have hearty apitites.,apitites,positive,0,"Input: ""The decor is not special at all but their food and amazing prices make up for it.""
Term: decor
Output: negative
",3,"Input: ""when tables opened up, the manager sat another party before us.""
Term: tables
Output: neutral
",9,"Input: ""service is good although a bit in your face, we were asked every five mins if food was ok, but better that than being ignored.""
Term: service
Output: positive
",negative,prompt_single_term_fewshot,"Example 1:
Input: ""The decor is not special at all but their food and amazing prices make up for it.""
Term: decor
Output: negative


Example 2:
Input: ""when tables opened up, the manager sat another party before us.""
Term: tables
Output: neutral


Example 3
Input: ""service is good although a bit in your face, we were asked every five mins if food was ok, but better that than being ignored.""
Term: service
Output: positive

    
Task:
Input: (Though the filet won't be enough if both have hearty apitites.
Prompt: What is the sentiment in the text towards 'apitites'? Only respond with ""positive"", ""negative"" or ""neutral"" as one word."
359,359,137,359,"The food is decent, average bistro food, the decor is nice, but the service is poor, the waiters always seems to have to many tables andcant keep up with a good services.",bistro food,neutral,0,"Input: ""The decor is not special at all but their food and amazing prices make up for it.""
Term: decor
Output: negative
",3,"Input: ""when tables opened up, the manager sat another party before us.""
Term: tables
Output: neutral
",9,"Input: ""service is good although a bit in your face, we were asked every five mins if food was ok, but better that than being ignored.""
Term: service
Output: positive
",neutral,prompt_single_term_fewshot,"Example 1:
Input: ""The decor is not special at all but their food and amazing prices make up for it.""
Term: decor
Output: negative


Example 2:
Input: ""when tables opened up, the manager sat another party before us.""
Term: tables
Output: neutral


Example 3
Input: ""service is good although a bit in your face, we were asked every five mins if food was ok, but better that than being ignored.""
Term: service
Output: positive

    
Task:
Input: The food is decent, average bistro food, the decor is nice, but the service is poor, the waiters always seems to have to many tables andcant keep up with a good services.
Prompt: What is the sentiment in the text towards 'bistro food'? Only respond with ""positive"", ""negative"" or ""neutral"" as one word."
360,360,137,360,"The food is decent, average bistro food, the decor is nice, but the service is poor, the waiters always seems to have to many tables andcant keep up with a good services.",decor,positive,0,"Input: ""The decor is not special at all but their food and amazing prices make up for it.""
Term: decor
Output: negative
",3,"Input: ""when tables opened up, the manager sat another party before us.""
Term: tables
Output: neutral
",9,"Input: ""service is good although a bit in your face, we were asked every five mins if food was ok, but better that than being ignored.""
Term: service
Output: positive
",positive,prompt_single_term_fewshot,"Example 1:
Input: ""The decor is not special at all but their food and amazing prices make up for it.""
Term: decor
Output: negative


Example 2:
Input: ""when tables opened up, the manager sat another party before us.""
Term: tables
Output: neutral


Example 3
Input: ""service is good although a bit in your face, we were asked every five mins if food was ok, but better that than being ignored.""
Term: service
Output: positive

    
Task:
Input: The food is decent, average bistro food, the decor is nice, but the service is poor, the waiters always seems to have to many tables andcant keep up with a good services.
Prompt: What is the sentiment in the text towards 'decor'? Only respond with ""positive"", ""negative"" or ""neutral"" as one word."
361,361,137,361,"The food is decent, average bistro food, the decor is nice, but the service is poor, the waiters always seems to have to many tables andcant keep up with a good services.",waiters,positive,0,"Input: ""The decor is not special at all but their food and amazing prices make up for it.""
Term: decor
Output: negative
",3,"Input: ""when tables opened up, the manager sat another party before us.""
Term: tables
Output: neutral
",9,"Input: ""service is good although a bit in your face, we were asked every five mins if food was ok, but better that than being ignored.""
Term: service
Output: positive
",negative,prompt_single_term_fewshot,"Example 1:
Input: ""The decor is not special at all but their food and amazing prices make up for it.""
Term: decor
Output: negative


Example 2:
Input: ""when tables opened up, the manager sat another party before us.""
Term: tables
Output: neutral


Example 3
Input: ""service is good although a bit in your face, we were asked every five mins if food was ok, but better that than being ignored.""
Term: service
Output: positive

    
Task:
Input: The food is decent, average bistro food, the decor is nice, but the service is poor, the waiters always seems to have to many tables andcant keep up with a good services.
Prompt: What is the sentiment in the text towards 'waiters'? Only respond with ""positive"", ""negative"" or ""neutral"" as one word."
362,362,137,362,"The food is decent, average bistro food, the decor is nice, but the service is poor, the waiters always seems to have to many tables andcant keep up with a good services.",tables,negative,0,"Input: ""The decor is not special at all but their food and amazing prices make up for it.""
Term: decor
Output: negative
",3,"Input: ""when tables opened up, the manager sat another party before us.""
Term: tables
Output: neutral
",9,"Input: ""service is good although a bit in your face, we were asked every five mins if food was ok, but better that than being ignored.""
Term: service
Output: positive
",negative,prompt_single_term_fewshot,"Example 1:
Input: ""The decor is not special at all but their food and amazing prices make up for it.""
Term: decor
Output: negative


Example 2:
Input: ""when tables opened up, the manager sat another party before us.""
Term: tables
Output: neutral


Example 3
Input: ""service is good although a bit in your face, we were asked every five mins if food was ok, but better that than being ignored.""
Term: service
Output: positive

    
Task:
Input: The food is decent, average bistro food, the decor is nice, but the service is poor, the waiters always seems to have to many tables andcant keep up with a good services.
Prompt: What is the sentiment in the text towards 'tables'? Only respond with ""positive"", ""negative"" or ""neutral"" as one word."
363,363,138,363,"I'm totally into the space-age vibe of this place, but I wish they had more tables to sit down at.",vibe,negative,0,"Input: ""The decor is not special at all but their food and amazing prices make up for it.""
Term: decor
Output: negative
",3,"Input: ""when tables opened up, the manager sat another party before us.""
Term: tables
Output: neutral
",9,"Input: ""service is good although a bit in your face, we were asked every five mins if food was ok, but better that than being ignored.""
Term: service
Output: positive
",positive,prompt_single_term_fewshot,"Example 1:
Input: ""The decor is not special at all but their food and amazing prices make up for it.""
Term: decor
Output: negative


Example 2:
Input: ""when tables opened up, the manager sat another party before us.""
Term: tables
Output: neutral


Example 3
Input: ""service is good although a bit in your face, we were asked every five mins if food was ok, but better that than being ignored.""
Term: service
Output: positive

    
Task:
Input: I'm totally into the space-age vibe of this place, but I wish they had more tables to sit down at.
Prompt: What is the sentiment in the text towards 'vibe'? Only respond with ""positive"", ""negative"" or ""neutral"" as one word."
364,364,138,364,"I'm totally into the space-age vibe of this place, but I wish they had more tables to sit down at.",tables,positive,0,"Input: ""The decor is not special at all but their food and amazing prices make up for it.""
Term: decor
Output: negative
",3,"Input: ""when tables opened up, the manager sat another party before us.""
Term: tables
Output: neutral
",9,"Input: ""service is good although a bit in your face, we were asked every five mins if food was ok, but better that than being ignored.""
Term: service
Output: positive
",negative,prompt_single_term_fewshot,"Example 1:
Input: ""The decor is not special at all but their food and amazing prices make up for it.""
Term: decor
Output: negative


Example 2:
Input: ""when tables opened up, the manager sat another party before us.""
Term: tables
Output: neutral


Example 3
Input: ""service is good although a bit in your face, we were asked every five mins if food was ok, but better that than being ignored.""
Term: service
Output: positive

    
Task:
Input: I'm totally into the space-age vibe of this place, but I wish they had more tables to sit down at.
Prompt: What is the sentiment in the text towards 'tables'? Only respond with ""positive"", ""negative"" or ""neutral"" as one word."
365,365,139,365,"They were rude, didn't know their drinks and were unable to demonstrate any professionalism in their service mentality.",drinks,neutral,0,"Input: ""The decor is not special at all but their food and amazing prices make up for it.""
Term: decor
Output: negative
",3,"Input: ""when tables opened up, the manager sat another party before us.""
Term: tables
Output: neutral
",9,"Input: ""service is good although a bit in your face, we were asked every five mins if food was ok, but better that than being ignored.""
Term: service
Output: positive
",negative,prompt_single_term_fewshot,"Example 1:
Input: ""The decor is not special at all but their food and amazing prices make up for it.""
Term: decor
Output: negative


Example 2:
Input: ""when tables opened up, the manager sat another party before us.""
Term: tables
Output: neutral


Example 3
Input: ""service is good although a bit in your face, we were asked every five mins if food was ok, but better that than being ignored.""
Term: service
Output: positive

    
Task:
Input: They were rude, didn't know their drinks and were unable to demonstrate any professionalism in their service mentality.
Prompt: What is the sentiment in the text towards 'drinks'? Only respond with ""positive"", ""negative"" or ""neutral"" as one word."
366,366,139,366,"They were rude, didn't know their drinks and were unable to demonstrate any professionalism in their service mentality.",service,negative,0,"Input: ""The decor is not special at all but their food and amazing prices make up for it.""
Term: decor
Output: negative
",3,"Input: ""when tables opened up, the manager sat another party before us.""
Term: tables
Output: neutral
",9,"Input: ""service is good although a bit in your face, we were asked every five mins if food was ok, but better that than being ignored.""
Term: service
Output: positive
",negative,prompt_single_term_fewshot,"Example 1:
Input: ""The decor is not special at all but their food and amazing prices make up for it.""
Term: decor
Output: negative


Example 2:
Input: ""when tables opened up, the manager sat another party before us.""
Term: tables
Output: neutral


Example 3
Input: ""service is good although a bit in your face, we were asked every five mins if food was ok, but better that than being ignored.""
Term: service
Output: positive

    
Task:
Input: They were rude, didn't know their drinks and were unable to demonstrate any professionalism in their service mentality.
Prompt: What is the sentiment in the text towards 'service'? Only respond with ""positive"", ""negative"" or ""neutral"" as one word."
367,367,140,367,"While the staff was kind and attentive, our waiter never once broke a smile, even when I told him it was my friend's birthday, although he did bring a dessert with a candle at the end of the meal.",staff,positive,0,"Input: ""The decor is not special at all but their food and amazing prices make up for it.""
Term: decor
Output: negative
",3,"Input: ""when tables opened up, the manager sat another party before us.""
Term: tables
Output: neutral
",9,"Input: ""service is good although a bit in your face, we were asked every five mins if food was ok, but better that than being ignored.""
Term: service
Output: positive
",positive,prompt_single_term_fewshot,"Example 1:
Input: ""The decor is not special at all but their food and amazing prices make up for it.""
Term: decor
Output: negative


Example 2:
Input: ""when tables opened up, the manager sat another party before us.""
Term: tables
Output: neutral


Example 3
Input: ""service is good although a bit in your face, we were asked every five mins if food was ok, but better that than being ignored.""
Term: service
Output: positive

    
Task:
Input: While the staff was kind and attentive, our waiter never once broke a smile, even when I told him it was my friend's birthday, although he did bring a dessert with a candle at the end of the meal.
Prompt: What is the sentiment in the text towards 'staff'? Only respond with ""positive"", ""negative"" or ""neutral"" as one word."
368,368,140,368,"While the staff was kind and attentive, our waiter never once broke a smile, even when I told him it was my friend's birthday, although he did bring a dessert with a candle at the end of the meal.",waiter,positive,0,"Input: ""The decor is not special at all but their food and amazing prices make up for it.""
Term: decor
Output: negative
",3,"Input: ""when tables opened up, the manager sat another party before us.""
Term: tables
Output: neutral
",9,"Input: ""service is good although a bit in your face, we were asked every five mins if food was ok, but better that than being ignored.""
Term: service
Output: positive
",neutral,prompt_single_term_fewshot,"Example 1:
Input: ""The decor is not special at all but their food and amazing prices make up for it.""
Term: decor
Output: negative


Example 2:
Input: ""when tables opened up, the manager sat another party before us.""
Term: tables
Output: neutral


Example 3
Input: ""service is good although a bit in your face, we were asked every five mins if food was ok, but better that than being ignored.""
Term: service
Output: positive

    
Task:
Input: While the staff was kind and attentive, our waiter never once broke a smile, even when I told him it was my friend's birthday, although he did bring a dessert with a candle at the end of the meal.
Prompt: What is the sentiment in the text towards 'waiter'? Only respond with ""positive"", ""negative"" or ""neutral"" as one word."
369,369,140,369,"While the staff was kind and attentive, our waiter never once broke a smile, even when I told him it was my friend's birthday, although he did bring a dessert with a candle at the end of the meal.",dessert,neutral,0,"Input: ""The decor is not special at all but their food and amazing prices make up for it.""
Term: decor
Output: negative
",3,"Input: ""when tables opened up, the manager sat another party before us.""
Term: tables
Output: neutral
",9,"Input: ""service is good although a bit in your face, we were asked every five mins if food was ok, but better that than being ignored.""
Term: service
Output: positive
",positive,prompt_single_term_fewshot,"Example 1:
Input: ""The decor is not special at all but their food and amazing prices make up for it.""
Term: decor
Output: negative


Example 2:
Input: ""when tables opened up, the manager sat another party before us.""
Term: tables
Output: neutral


Example 3
Input: ""service is good although a bit in your face, we were asked every five mins if food was ok, but better that than being ignored.""
Term: service
Output: positive

    
Task:
Input: While the staff was kind and attentive, our waiter never once broke a smile, even when I told him it was my friend's birthday, although he did bring a dessert with a candle at the end of the meal.
Prompt: What is the sentiment in the text towards 'dessert'? Only respond with ""positive"", ""negative"" or ""neutral"" as one word."
370,370,140,370,"While the staff was kind and attentive, our waiter never once broke a smile, even when I told him it was my friend's birthday, although he did bring a dessert with a candle at the end of the meal.",candle,neutral,0,"Input: ""The decor is not special at all but their food and amazing prices make up for it.""
Term: decor
Output: negative
",3,"Input: ""when tables opened up, the manager sat another party before us.""
Term: tables
Output: neutral
",9,"Input: ""service is good although a bit in your face, we were asked every five mins if food was ok, but better that than being ignored.""
Term: service
Output: positive
",positive,prompt_single_term_fewshot,"Example 1:
Input: ""The decor is not special at all but their food and amazing prices make up for it.""
Term: decor
Output: negative


Example 2:
Input: ""when tables opened up, the manager sat another party before us.""
Term: tables
Output: neutral


Example 3
Input: ""service is good although a bit in your face, we were asked every five mins if food was ok, but better that than being ignored.""
Term: service
Output: positive

    
Task:
Input: While the staff was kind and attentive, our waiter never once broke a smile, even when I told him it was my friend's birthday, although he did bring a dessert with a candle at the end of the meal.
Prompt: What is the sentiment in the text towards 'candle'? Only respond with ""positive"", ""negative"" or ""neutral"" as one word."
371,371,140,371,"While the staff was kind and attentive, our waiter never once broke a smile, even when I told him it was my friend's birthday, although he did bring a dessert with a candle at the end of the meal.",meal,neutral,0,"Input: ""The decor is not special at all but their food and amazing prices make up for it.""
Term: decor
Output: negative
",3,"Input: ""when tables opened up, the manager sat another party before us.""
Term: tables
Output: neutral
",9,"Input: ""service is good although a bit in your face, we were asked every five mins if food was ok, but better that than being ignored.""
Term: service
Output: positive
",neutral,prompt_single_term_fewshot,"Example 1:
Input: ""The decor is not special at all but their food and amazing prices make up for it.""
Term: decor
Output: negative


Example 2:
Input: ""when tables opened up, the manager sat another party before us.""
Term: tables
Output: neutral


Example 3
Input: ""service is good although a bit in your face, we were asked every five mins if food was ok, but better that than being ignored.""
Term: service
Output: positive

    
Task:
Input: While the staff was kind and attentive, our waiter never once broke a smile, even when I told him it was my friend's birthday, although he did bring a dessert with a candle at the end of the meal.
Prompt: What is the sentiment in the text towards 'meal'? Only respond with ""positive"", ""negative"" or ""neutral"" as one word."
372,372,141,372,"Start by enjoying the atmosphere while having a glass of wine at the bar and we you are ready, go and enjoy your food!",atmosphere,positive,0,"Input: ""The decor is not special at all but their food and amazing prices make up for it.""
Term: decor
Output: negative
",3,"Input: ""when tables opened up, the manager sat another party before us.""
Term: tables
Output: neutral
",9,"Input: ""service is good although a bit in your face, we were asked every five mins if food was ok, but better that than being ignored.""
Term: service
Output: positive
",positive,prompt_single_term_fewshot,"Example 1:
Input: ""The decor is not special at all but their food and amazing prices make up for it.""
Term: decor
Output: negative


Example 2:
Input: ""when tables opened up, the manager sat another party before us.""
Term: tables
Output: neutral


Example 3
Input: ""service is good although a bit in your face, we were asked every five mins if food was ok, but better that than being ignored.""
Term: service
Output: positive

    
Task:
Input: Start by enjoying the atmosphere while having a glass of wine at the bar and we you are ready, go and enjoy your food!
Prompt: What is the sentiment in the text towards 'atmosphere'? Only respond with ""positive"", ""negative"" or ""neutral"" as one word."
373,373,141,373,"Start by enjoying the atmosphere while having a glass of wine at the bar and we you are ready, go and enjoy your food!",bar,neutral,0,"Input: ""The decor is not special at all but their food and amazing prices make up for it.""
Term: decor
Output: negative
",3,"Input: ""when tables opened up, the manager sat another party before us.""
Term: tables
Output: neutral
",9,"Input: ""service is good although a bit in your face, we were asked every five mins if food was ok, but better that than being ignored.""
Term: service
Output: positive
",positive,prompt_single_term_fewshot,"Example 1:
Input: ""The decor is not special at all but their food and amazing prices make up for it.""
Term: decor
Output: negative


Example 2:
Input: ""when tables opened up, the manager sat another party before us.""
Term: tables
Output: neutral


Example 3
Input: ""service is good although a bit in your face, we were asked every five mins if food was ok, but better that than being ignored.""
Term: service
Output: positive

    
Task:
Input: Start by enjoying the atmosphere while having a glass of wine at the bar and we you are ready, go and enjoy your food!
Prompt: What is the sentiment in the text towards 'bar'? Only respond with ""positive"", ""negative"" or ""neutral"" as one word."
374,374,142,374,My only advice is: increase portion sizes; and develop a special drink list.,portion,positive,0,"Input: ""The decor is not special at all but their food and amazing prices make up for it.""
Term: decor
Output: negative
",3,"Input: ""when tables opened up, the manager sat another party before us.""
Term: tables
Output: neutral
",9,"Input: ""service is good although a bit in your face, we were asked every five mins if food was ok, but better that than being ignored.""
Term: service
Output: positive
",negative,prompt_single_term_fewshot,"Example 1:
Input: ""The decor is not special at all but their food and amazing prices make up for it.""
Term: decor
Output: negative


Example 2:
Input: ""when tables opened up, the manager sat another party before us.""
Term: tables
Output: neutral


Example 3
Input: ""service is good although a bit in your face, we were asked every five mins if food was ok, but better that than being ignored.""
Term: service
Output: positive

    
Task:
Input: My only advice is: increase portion sizes; and develop a special drink list.
Prompt: What is the sentiment in the text towards 'portion'? Only respond with ""positive"", ""negative"" or ""neutral"" as one word."
375,375,142,375,My only advice is: increase portion sizes; and develop a special drink list.,drink list,neutral,0,"Input: ""The decor is not special at all but their food and amazing prices make up for it.""
Term: decor
Output: negative
",3,"Input: ""when tables opened up, the manager sat another party before us.""
Term: tables
Output: neutral
",9,"Input: ""service is good although a bit in your face, we were asked every five mins if food was ok, but better that than being ignored.""
Term: service
Output: positive
",neutral,prompt_single_term_fewshot,"Example 1:
Input: ""The decor is not special at all but their food and amazing prices make up for it.""
Term: decor
Output: negative


Example 2:
Input: ""when tables opened up, the manager sat another party before us.""
Term: tables
Output: neutral


Example 3
Input: ""service is good although a bit in your face, we were asked every five mins if food was ok, but better that than being ignored.""
Term: service
Output: positive

    
Task:
Input: My only advice is: increase portion sizes; and develop a special drink list.
Prompt: What is the sentiment in the text towards 'drink list'? Only respond with ""positive"", ""negative"" or ""neutral"" as one word."
376,376,143,376,"The Food This isn't for those on a budget, but portions are generous.",Food,negative,0,"Input: ""The decor is not special at all but their food and amazing prices make up for it.""
Term: decor
Output: negative
",3,"Input: ""when tables opened up, the manager sat another party before us.""
Term: tables
Output: neutral
",9,"Input: ""service is good although a bit in your face, we were asked every five mins if food was ok, but better that than being ignored.""
Term: service
Output: positive
",positive,prompt_single_term_fewshot,"Example 1:
Input: ""The decor is not special at all but their food and amazing prices make up for it.""
Term: decor
Output: negative


Example 2:
Input: ""when tables opened up, the manager sat another party before us.""
Term: tables
Output: neutral


Example 3
Input: ""service is good although a bit in your face, we were asked every five mins if food was ok, but better that than being ignored.""
Term: service
Output: positive

    
Task:
Input: The Food This isn't for those on a budget, but portions are generous.
Prompt: What is the sentiment in the text towards 'Food'? Only respond with ""positive"", ""negative"" or ""neutral"" as one word."
377,377,143,377,"The Food This isn't for those on a budget, but portions are generous.",portions,positive,0,"Input: ""The decor is not special at all but their food and amazing prices make up for it.""
Term: decor
Output: negative
",3,"Input: ""when tables opened up, the manager sat another party before us.""
Term: tables
Output: neutral
",9,"Input: ""service is good although a bit in your face, we were asked every five mins if food was ok, but better that than being ignored.""
Term: service
Output: positive
",positive,prompt_single_term_fewshot,"Example 1:
Input: ""The decor is not special at all but their food and amazing prices make up for it.""
Term: decor
Output: negative


Example 2:
Input: ""when tables opened up, the manager sat another party before us.""
Term: tables
Output: neutral


Example 3
Input: ""service is good although a bit in your face, we were asked every five mins if food was ok, but better that than being ignored.""
Term: service
Output: positive

    
Task:
Input: The Food This isn't for those on a budget, but portions are generous.
Prompt: What is the sentiment in the text towards 'portions'? Only respond with ""positive"", ""negative"" or ""neutral"" as one word."
378,378,144,378,"Aside from the fact the maitre de claimed the dining room was 'full', we were seated at a great table overlooking the lobby of the hotel and ordered the 5 course tasting menu.",maitre,neutral,0,"Input: ""The decor is not special at all but their food and amazing prices make up for it.""
Term: decor
Output: negative
",3,"Input: ""when tables opened up, the manager sat another party before us.""
Term: tables
Output: neutral
",9,"Input: ""service is good although a bit in your face, we were asked every five mins if food was ok, but better that than being ignored.""
Term: service
Output: positive
",negative,prompt_single_term_fewshot,"Example 1:
Input: ""The decor is not special at all but their food and amazing prices make up for it.""
Term: decor
Output: negative


Example 2:
Input: ""when tables opened up, the manager sat another party before us.""
Term: tables
Output: neutral


Example 3
Input: ""service is good although a bit in your face, we were asked every five mins if food was ok, but better that than being ignored.""
Term: service
Output: positive

    
Task:
Input: Aside from the fact the maitre de claimed the dining room was 'full', we were seated at a great table overlooking the lobby of the hotel and ordered the 5 course tasting menu.
Prompt: What is the sentiment in the text towards 'maitre'? Only respond with ""positive"", ""negative"" or ""neutral"" as one word."
379,379,144,379,"Aside from the fact the maitre de claimed the dining room was 'full', we were seated at a great table overlooking the lobby of the hotel and ordered the 5 course tasting menu.",lobby,neutral,0,"Input: ""The decor is not special at all but their food and amazing prices make up for it.""
Term: decor
Output: negative
",3,"Input: ""when tables opened up, the manager sat another party before us.""
Term: tables
Output: neutral
",9,"Input: ""service is good although a bit in your face, we were asked every five mins if food was ok, but better that than being ignored.""
Term: service
Output: positive
",positive,prompt_single_term_fewshot,"Example 1:
Input: ""The decor is not special at all but their food and amazing prices make up for it.""
Term: decor
Output: negative


Example 2:
Input: ""when tables opened up, the manager sat another party before us.""
Term: tables
Output: neutral


Example 3
Input: ""service is good although a bit in your face, we were asked every five mins if food was ok, but better that than being ignored.""
Term: service
Output: positive

    
Task:
Input: Aside from the fact the maitre de claimed the dining room was 'full', we were seated at a great table overlooking the lobby of the hotel and ordered the 5 course tasting menu.
Prompt: What is the sentiment in the text towards 'lobby'? Only respond with ""positive"", ""negative"" or ""neutral"" as one word."
380,380,144,380,"Aside from the fact the maitre de claimed the dining room was 'full', we were seated at a great table overlooking the lobby of the hotel and ordered the 5 course tasting menu.",menu,positive,0,"Input: ""The decor is not special at all but their food and amazing prices make up for it.""
Term: decor
Output: negative
",3,"Input: ""when tables opened up, the manager sat another party before us.""
Term: tables
Output: neutral
",9,"Input: ""service is good although a bit in your face, we were asked every five mins if food was ok, but better that than being ignored.""
Term: service
Output: positive
",positive,prompt_single_term_fewshot,"Example 1:
Input: ""The decor is not special at all but their food and amazing prices make up for it.""
Term: decor
Output: negative


Example 2:
Input: ""when tables opened up, the manager sat another party before us.""
Term: tables
Output: neutral


Example 3
Input: ""service is good although a bit in your face, we were asked every five mins if food was ok, but better that than being ignored.""
Term: service
Output: positive

    
Task:
Input: Aside from the fact the maitre de claimed the dining room was 'full', we were seated at a great table overlooking the lobby of the hotel and ordered the 5 course tasting menu.
Prompt: What is the sentiment in the text towards 'menu'? Only respond with ""positive"", ""negative"" or ""neutral"" as one word."
381,381,145,381,"Bouley has done an excellent job creating this dining establishment with almost a museum sense, the artworks on the wall have a very Klimty feeling and the gold ceiling completes the rest of the experience.",dining establishment,neutral,0,"Input: ""The decor is not special at all but their food and amazing prices make up for it.""
Term: decor
Output: negative
",3,"Input: ""when tables opened up, the manager sat another party before us.""
Term: tables
Output: neutral
",9,"Input: ""service is good although a bit in your face, we were asked every five mins if food was ok, but better that than being ignored.""
Term: service
Output: positive
",positive,prompt_single_term_fewshot,"Example 1:
Input: ""The decor is not special at all but their food and amazing prices make up for it.""
Term: decor
Output: negative


Example 2:
Input: ""when tables opened up, the manager sat another party before us.""
Term: tables
Output: neutral


Example 3
Input: ""service is good although a bit in your face, we were asked every five mins if food was ok, but better that than being ignored.""
Term: service
Output: positive

    
Task:
Input: Bouley has done an excellent job creating this dining establishment with almost a museum sense, the artworks on the wall have a very Klimty feeling and the gold ceiling completes the rest of the experience.
Prompt: What is the sentiment in the text towards 'dining establishment'? Only respond with ""positive"", ""negative"" or ""neutral"" as one word."
382,382,145,382,"Bouley has done an excellent job creating this dining establishment with almost a museum sense, the artworks on the wall have a very Klimty feeling and the gold ceiling completes the rest of the experience.",artworks,positive,0,"Input: ""The decor is not special at all but their food and amazing prices make up for it.""
Term: decor
Output: negative
",3,"Input: ""when tables opened up, the manager sat another party before us.""
Term: tables
Output: neutral
",9,"Input: ""service is good although a bit in your face, we were asked every five mins if food was ok, but better that than being ignored.""
Term: service
Output: positive
",positive,prompt_single_term_fewshot,"Example 1:
Input: ""The decor is not special at all but their food and amazing prices make up for it.""
Term: decor
Output: negative


Example 2:
Input: ""when tables opened up, the manager sat another party before us.""
Term: tables
Output: neutral


Example 3
Input: ""service is good although a bit in your face, we were asked every five mins if food was ok, but better that than being ignored.""
Term: service
Output: positive

    
Task:
Input: Bouley has done an excellent job creating this dining establishment with almost a museum sense, the artworks on the wall have a very Klimty feeling and the gold ceiling completes the rest of the experience.
Prompt: What is the sentiment in the text towards 'artworks'? Only respond with ""positive"", ""negative"" or ""neutral"" as one word."
383,383,145,383,"Bouley has done an excellent job creating this dining establishment with almost a museum sense, the artworks on the wall have a very Klimty feeling and the gold ceiling completes the rest of the experience.",gold ceiling,positive,0,"Input: ""The decor is not special at all but their food and amazing prices make up for it.""
Term: decor
Output: negative
",3,"Input: ""when tables opened up, the manager sat another party before us.""
Term: tables
Output: neutral
",9,"Input: ""service is good although a bit in your face, we were asked every five mins if food was ok, but better that than being ignored.""
Term: service
Output: positive
",positive,prompt_single_term_fewshot,"Example 1:
Input: ""The decor is not special at all but their food and amazing prices make up for it.""
Term: decor
Output: negative


Example 2:
Input: ""when tables opened up, the manager sat another party before us.""
Term: tables
Output: neutral


Example 3
Input: ""service is good although a bit in your face, we were asked every five mins if food was ok, but better that than being ignored.""
Term: service
Output: positive

    
Task:
Input: Bouley has done an excellent job creating this dining establishment with almost a museum sense, the artworks on the wall have a very Klimty feeling and the gold ceiling completes the rest of the experience.
Prompt: What is the sentiment in the text towards 'gold ceiling'? Only respond with ""positive"", ""negative"" or ""neutral"" as one word."
384,384,146,384,"The food is delish, you just have to know the manners to consume, if you don't want to be frustrated with the service.",food,positive,0,"Input: ""The decor is not special at all but their food and amazing prices make up for it.""
Term: decor
Output: negative
",3,"Input: ""when tables opened up, the manager sat another party before us.""
Term: tables
Output: neutral
",9,"Input: ""service is good although a bit in your face, we were asked every five mins if food was ok, but better that than being ignored.""
Term: service
Output: positive
",positive,prompt_single_term_fewshot,"Example 1:
Input: ""The decor is not special at all but their food and amazing prices make up for it.""
Term: decor
Output: negative


Example 2:
Input: ""when tables opened up, the manager sat another party before us.""
Term: tables
Output: neutral


Example 3
Input: ""service is good although a bit in your face, we were asked every five mins if food was ok, but better that than being ignored.""
Term: service
Output: positive

    
Task:
Input: The food is delish, you just have to know the manners to consume, if you don't want to be frustrated with the service.
Prompt: What is the sentiment in the text towards 'food'? Only respond with ""positive"", ""negative"" or ""neutral"" as one word."
385,385,146,385,"The food is delish, you just have to know the manners to consume, if you don't want to be frustrated with the service.",service,negative,0,"Input: ""The decor is not special at all but their food and amazing prices make up for it.""
Term: decor
Output: negative
",3,"Input: ""when tables opened up, the manager sat another party before us.""
Term: tables
Output: neutral
",9,"Input: ""service is good although a bit in your face, we were asked every five mins if food was ok, but better that than being ignored.""
Term: service
Output: positive
",negative,prompt_single_term_fewshot,"Example 1:
Input: ""The decor is not special at all but their food and amazing prices make up for it.""
Term: decor
Output: negative


Example 2:
Input: ""when tables opened up, the manager sat another party before us.""
Term: tables
Output: neutral


Example 3
Input: ""service is good although a bit in your face, we were asked every five mins if food was ok, but better that than being ignored.""
Term: service
Output: positive

    
Task:
Input: The food is delish, you just have to know the manners to consume, if you don't want to be frustrated with the service.
Prompt: What is the sentiment in the text towards 'service'? Only respond with ""positive"", ""negative"" or ""neutral"" as one word."
386,386,147,386,"Mac cheese is nothing to write home about; the beet salad is boring, mostly lettuce; tuna sandwhich - boring, mostly mayo; the french fries looked re-fried and were cold; the excellent pork sandwich came on one of those supermarket hot-dog buns.",Mac cheese,negative,0,"Input: ""The decor is not special at all but their food and amazing prices make up for it.""
Term: decor
Output: negative
",3,"Input: ""when tables opened up, the manager sat another party before us.""
Term: tables
Output: neutral
",9,"Input: ""service is good although a bit in your face, we were asked every five mins if food was ok, but better that than being ignored.""
Term: service
Output: positive
",negative,prompt_single_term_fewshot,"Example 1:
Input: ""The decor is not special at all but their food and amazing prices make up for it.""
Term: decor
Output: negative


Example 2:
Input: ""when tables opened up, the manager sat another party before us.""
Term: tables
Output: neutral


Example 3
Input: ""service is good although a bit in your face, we were asked every five mins if food was ok, but better that than being ignored.""
Term: service
Output: positive

    
Task:
Input: Mac cheese is nothing to write home about; the beet salad is boring, mostly lettuce; tuna sandwhich - boring, mostly mayo; the french fries looked re-fried and were cold; the excellent pork sandwich came on one of those supermarket hot-dog buns.
Prompt: What is the sentiment in the text towards 'Mac cheese'? Only respond with ""positive"", ""negative"" or ""neutral"" as one word."
387,387,147,387,"Mac cheese is nothing to write home about; the beet salad is boring, mostly lettuce; tuna sandwhich - boring, mostly mayo; the french fries looked re-fried and were cold; the excellent pork sandwich came on one of those supermarket hot-dog buns.",beet salad,negative,0,"Input: ""The decor is not special at all but their food and amazing prices make up for it.""
Term: decor
Output: negative
",3,"Input: ""when tables opened up, the manager sat another party before us.""
Term: tables
Output: neutral
",9,"Input: ""service is good although a bit in your face, we were asked every five mins if food was ok, but better that than being ignored.""
Term: service
Output: positive
",negative,prompt_single_term_fewshot,"Example 1:
Input: ""The decor is not special at all but their food and amazing prices make up for it.""
Term: decor
Output: negative


Example 2:
Input: ""when tables opened up, the manager sat another party before us.""
Term: tables
Output: neutral


Example 3
Input: ""service is good although a bit in your face, we were asked every five mins if food was ok, but better that than being ignored.""
Term: service
Output: positive

    
Task:
Input: Mac cheese is nothing to write home about; the beet salad is boring, mostly lettuce; tuna sandwhich - boring, mostly mayo; the french fries looked re-fried and were cold; the excellent pork sandwich came on one of those supermarket hot-dog buns.
Prompt: What is the sentiment in the text towards 'beet salad'? Only respond with ""positive"", ""negative"" or ""neutral"" as one word."
388,388,147,388,"Mac cheese is nothing to write home about; the beet salad is boring, mostly lettuce; tuna sandwhich - boring, mostly mayo; the french fries looked re-fried and were cold; the excellent pork sandwich came on one of those supermarket hot-dog buns.",tuna sandwhich,neutral,0,"Input: ""The decor is not special at all but their food and amazing prices make up for it.""
Term: decor
Output: negative
",3,"Input: ""when tables opened up, the manager sat another party before us.""
Term: tables
Output: neutral
",9,"Input: ""service is good although a bit in your face, we were asked every five mins if food was ok, but better that than being ignored.""
Term: service
Output: positive
",negative,prompt_single_term_fewshot,"Example 1:
Input: ""The decor is not special at all but their food and amazing prices make up for it.""
Term: decor
Output: negative


Example 2:
Input: ""when tables opened up, the manager sat another party before us.""
Term: tables
Output: neutral


Example 3
Input: ""service is good although a bit in your face, we were asked every five mins if food was ok, but better that than being ignored.""
Term: service
Output: positive

    
Task:
Input: Mac cheese is nothing to write home about; the beet salad is boring, mostly lettuce; tuna sandwhich - boring, mostly mayo; the french fries looked re-fried and were cold; the excellent pork sandwich came on one of those supermarket hot-dog buns.
Prompt: What is the sentiment in the text towards 'tuna sandwhich'? Only respond with ""positive"", ""negative"" or ""neutral"" as one word."
389,389,148,389,Get a pitcher of red or white sangria and choose from a large selection of tapas.,white sangria,neutral,0,"Input: ""The decor is not special at all but their food and amazing prices make up for it.""
Term: decor
Output: negative
",3,"Input: ""when tables opened up, the manager sat another party before us.""
Term: tables
Output: neutral
",9,"Input: ""service is good although a bit in your face, we were asked every five mins if food was ok, but better that than being ignored.""
Term: service
Output: positive
",neutral,prompt_single_term_fewshot,"Example 1:
Input: ""The decor is not special at all but their food and amazing prices make up for it.""
Term: decor
Output: negative


Example 2:
Input: ""when tables opened up, the manager sat another party before us.""
Term: tables
Output: neutral


Example 3
Input: ""service is good although a bit in your face, we were asked every five mins if food was ok, but better that than being ignored.""
Term: service
Output: positive

    
Task:
Input: Get a pitcher of red or white sangria and choose from a large selection of tapas.
Prompt: What is the sentiment in the text towards 'white sangria'? Only respond with ""positive"", ""negative"" or ""neutral"" as one word."
390,390,148,390,Get a pitcher of red or white sangria and choose from a large selection of tapas.,tapas,positive,0,"Input: ""The decor is not special at all but their food and amazing prices make up for it.""
Term: decor
Output: negative
",3,"Input: ""when tables opened up, the manager sat another party before us.""
Term: tables
Output: neutral
",9,"Input: ""service is good although a bit in your face, we were asked every five mins if food was ok, but better that than being ignored.""
Term: service
Output: positive
",positive,prompt_single_term_fewshot,"Example 1:
Input: ""The decor is not special at all but their food and amazing prices make up for it.""
Term: decor
Output: negative


Example 2:
Input: ""when tables opened up, the manager sat another party before us.""
Term: tables
Output: neutral


Example 3
Input: ""service is good although a bit in your face, we were asked every five mins if food was ok, but better that than being ignored.""
Term: service
Output: positive

    
Task:
Input: Get a pitcher of red or white sangria and choose from a large selection of tapas.
Prompt: What is the sentiment in the text towards 'tapas'? Only respond with ""positive"", ""negative"" or ""neutral"" as one word."
391,391,149,391,They also have a great deal of 2 cheese slices and a drink for $3.,2 cheese slices,positive,0,"Input: ""The decor is not special at all but their food and amazing prices make up for it.""
Term: decor
Output: negative
",3,"Input: ""when tables opened up, the manager sat another party before us.""
Term: tables
Output: neutral
",9,"Input: ""service is good although a bit in your face, we were asked every five mins if food was ok, but better that than being ignored.""
Term: service
Output: positive
",positive,prompt_single_term_fewshot,"Example 1:
Input: ""The decor is not special at all but their food and amazing prices make up for it.""
Term: decor
Output: negative


Example 2:
Input: ""when tables opened up, the manager sat another party before us.""
Term: tables
Output: neutral


Example 3
Input: ""service is good although a bit in your face, we were asked every five mins if food was ok, but better that than being ignored.""
Term: service
Output: positive

    
Task:
Input: They also have a great deal of 2 cheese slices and a drink for $3.
Prompt: What is the sentiment in the text towards '2 cheese slices'? Only respond with ""positive"", ""negative"" or ""neutral"" as one word."
392,392,149,392,They also have a great deal of 2 cheese slices and a drink for $3.,drink,neutral,0,"Input: ""The decor is not special at all but their food and amazing prices make up for it.""
Term: decor
Output: negative
",3,"Input: ""when tables opened up, the manager sat another party before us.""
Term: tables
Output: neutral
",9,"Input: ""service is good although a bit in your face, we were asked every five mins if food was ok, but better that than being ignored.""
Term: service
Output: positive
",positive,prompt_single_term_fewshot,"Example 1:
Input: ""The decor is not special at all but their food and amazing prices make up for it.""
Term: decor
Output: negative


Example 2:
Input: ""when tables opened up, the manager sat another party before us.""
Term: tables
Output: neutral


Example 3
Input: ""service is good although a bit in your face, we were asked every five mins if food was ok, but better that than being ignored.""
Term: service
Output: positive

    
Task:
Input: They also have a great deal of 2 cheese slices and a drink for $3.
Prompt: What is the sentiment in the text towards 'drink'? Only respond with ""positive"", ""negative"" or ""neutral"" as one word."
393,393,150,393,"Bins of fresh bagels rest behind the counter, and there are always a few customers sitting at one of the few tables inside or on one of two wooden benches out front.",bagels,positive,0,"Input: ""The decor is not special at all but their food and amazing prices make up for it.""
Term: decor
Output: negative
",3,"Input: ""when tables opened up, the manager sat another party before us.""
Term: tables
Output: neutral
",9,"Input: ""service is good although a bit in your face, we were asked every five mins if food was ok, but better that than being ignored.""
Term: service
Output: positive
",positive,prompt_single_term_fewshot,"Example 1:
Input: ""The decor is not special at all but their food and amazing prices make up for it.""
Term: decor
Output: negative


Example 2:
Input: ""when tables opened up, the manager sat another party before us.""
Term: tables
Output: neutral


Example 3
Input: ""service is good although a bit in your face, we were asked every five mins if food was ok, but better that than being ignored.""
Term: service
Output: positive

    
Task:
Input: Bins of fresh bagels rest behind the counter, and there are always a few customers sitting at one of the few tables inside or on one of two wooden benches out front.
Prompt: What is the sentiment in the text towards 'bagels'? Only respond with ""positive"", ""negative"" or ""neutral"" as one word."
394,394,150,394,"Bins of fresh bagels rest behind the counter, and there are always a few customers sitting at one of the few tables inside or on one of two wooden benches out front.",counter,neutral,0,"Input: ""The decor is not special at all but their food and amazing prices make up for it.""
Term: decor
Output: negative
",3,"Input: ""when tables opened up, the manager sat another party before us.""
Term: tables
Output: neutral
",9,"Input: ""service is good although a bit in your face, we were asked every five mins if food was ok, but better that than being ignored.""
Term: service
Output: positive
",neutral,prompt_single_term_fewshot,"Example 1:
Input: ""The decor is not special at all but their food and amazing prices make up for it.""
Term: decor
Output: negative


Example 2:
Input: ""when tables opened up, the manager sat another party before us.""
Term: tables
Output: neutral


Example 3
Input: ""service is good although a bit in your face, we were asked every five mins if food was ok, but better that than being ignored.""
Term: service
Output: positive

    
Task:
Input: Bins of fresh bagels rest behind the counter, and there are always a few customers sitting at one of the few tables inside or on one of two wooden benches out front.
Prompt: What is the sentiment in the text towards 'counter'? Only respond with ""positive"", ""negative"" or ""neutral"" as one word."
395,395,151,395,"There is nothing else on the menu except for exotic teas and cold beverages, but with a meal this cheap and delightful, who would care?",menu,neutral,0,"Input: ""The decor is not special at all but their food and amazing prices make up for it.""
Term: decor
Output: negative
",3,"Input: ""when tables opened up, the manager sat another party before us.""
Term: tables
Output: neutral
",9,"Input: ""service is good although a bit in your face, we were asked every five mins if food was ok, but better that than being ignored.""
Term: service
Output: positive
",negative,prompt_single_term_fewshot,"Example 1:
Input: ""The decor is not special at all but their food and amazing prices make up for it.""
Term: decor
Output: negative


Example 2:
Input: ""when tables opened up, the manager sat another party before us.""
Term: tables
Output: neutral


Example 3
Input: ""service is good although a bit in your face, we were asked every five mins if food was ok, but better that than being ignored.""
Term: service
Output: positive

    
Task:
Input: There is nothing else on the menu except for exotic teas and cold beverages, but with a meal this cheap and delightful, who would care?
Prompt: What is the sentiment in the text towards 'menu'? Only respond with ""positive"", ""negative"" or ""neutral"" as one word."
396,396,151,396,"There is nothing else on the menu except for exotic teas and cold beverages, but with a meal this cheap and delightful, who would care?",exotic teas,neutral,0,"Input: ""The decor is not special at all but their food and amazing prices make up for it.""
Term: decor
Output: negative
",3,"Input: ""when tables opened up, the manager sat another party before us.""
Term: tables
Output: neutral
",9,"Input: ""service is good although a bit in your face, we were asked every five mins if food was ok, but better that than being ignored.""
Term: service
Output: positive
",neutral,prompt_single_term_fewshot,"Example 1:
Input: ""The decor is not special at all but their food and amazing prices make up for it.""
Term: decor
Output: negative


Example 2:
Input: ""when tables opened up, the manager sat another party before us.""
Term: tables
Output: neutral


Example 3
Input: ""service is good although a bit in your face, we were asked every five mins if food was ok, but better that than being ignored.""
Term: service
Output: positive

    
Task:
Input: There is nothing else on the menu except for exotic teas and cold beverages, but with a meal this cheap and delightful, who would care?
Prompt: What is the sentiment in the text towards 'exotic teas'? Only respond with ""positive"", ""negative"" or ""neutral"" as one word."
397,397,151,397,"There is nothing else on the menu except for exotic teas and cold beverages, but with a meal this cheap and delightful, who would care?",beverages,negative,0,"Input: ""The decor is not special at all but their food and amazing prices make up for it.""
Term: decor
Output: negative
",3,"Input: ""when tables opened up, the manager sat another party before us.""
Term: tables
Output: neutral
",9,"Input: ""service is good although a bit in your face, we were asked every five mins if food was ok, but better that than being ignored.""
Term: service
Output: positive
",neutral,prompt_single_term_fewshot,"Example 1:
Input: ""The decor is not special at all but their food and amazing prices make up for it.""
Term: decor
Output: negative


Example 2:
Input: ""when tables opened up, the manager sat another party before us.""
Term: tables
Output: neutral


Example 3
Input: ""service is good although a bit in your face, we were asked every five mins if food was ok, but better that than being ignored.""
Term: service
Output: positive

    
Task:
Input: There is nothing else on the menu except for exotic teas and cold beverages, but with a meal this cheap and delightful, who would care?
Prompt: What is the sentiment in the text towards 'beverages'? Only respond with ""positive"", ""negative"" or ""neutral"" as one word."
398,398,151,398,"There is nothing else on the menu except for exotic teas and cold beverages, but with a meal this cheap and delightful, who would care?",meal,positive,0,"Input: ""The decor is not special at all but their food and amazing prices make up for it.""
Term: decor
Output: negative
",3,"Input: ""when tables opened up, the manager sat another party before us.""
Term: tables
Output: neutral
",9,"Input: ""service is good although a bit in your face, we were asked every five mins if food was ok, but better that than being ignored.""
Term: service
Output: positive
",positive,prompt_single_term_fewshot,"Example 1:
Input: ""The decor is not special at all but their food and amazing prices make up for it.""
Term: decor
Output: negative


Example 2:
Input: ""when tables opened up, the manager sat another party before us.""
Term: tables
Output: neutral


Example 3
Input: ""service is good although a bit in your face, we were asked every five mins if food was ok, but better that than being ignored.""
Term: service
Output: positive

    
Task:
Input: There is nothing else on the menu except for exotic teas and cold beverages, but with a meal this cheap and delightful, who would care?
Prompt: What is the sentiment in the text towards 'meal'? Only respond with ""positive"", ""negative"" or ""neutral"" as one word."
399,399,152,399,THe bartendars were right on top of getting us our wine and setting up free blue cheese dip and chips for us.,wine,neutral,0,"Input: ""The decor is not special at all but their food and amazing prices make up for it.""
Term: decor
Output: negative
",3,"Input: ""when tables opened up, the manager sat another party before us.""
Term: tables
Output: neutral
",9,"Input: ""service is good although a bit in your face, we were asked every five mins if food was ok, but better that than being ignored.""
Term: service
Output: positive
",positive,prompt_single_term_fewshot,"Example 1:
Input: ""The decor is not special at all but their food and amazing prices make up for it.""
Term: decor
Output: negative


Example 2:
Input: ""when tables opened up, the manager sat another party before us.""
Term: tables
Output: neutral


Example 3
Input: ""service is good although a bit in your face, we were asked every five mins if food was ok, but better that than being ignored.""
Term: service
Output: positive

    
Task:
Input: THe bartendars were right on top of getting us our wine and setting up free blue cheese dip and chips for us.
Prompt: What is the sentiment in the text towards 'wine'? Only respond with ""positive"", ""negative"" or ""neutral"" as one word."
400,400,152,400,THe bartendars were right on top of getting us our wine and setting up free blue cheese dip and chips for us.,bartendars,positive,0,"Input: ""The decor is not special at all but their food and amazing prices make up for it.""
Term: decor
Output: negative
",3,"Input: ""when tables opened up, the manager sat another party before us.""
Term: tables
Output: neutral
",9,"Input: ""service is good although a bit in your face, we were asked every five mins if food was ok, but better that than being ignored.""
Term: service
Output: positive
",positive,prompt_single_term_fewshot,"Example 1:
Input: ""The decor is not special at all but their food and amazing prices make up for it.""
Term: decor
Output: negative


Example 2:
Input: ""when tables opened up, the manager sat another party before us.""
Term: tables
Output: neutral


Example 3
Input: ""service is good although a bit in your face, we were asked every five mins if food was ok, but better that than being ignored.""
Term: service
Output: positive

    
Task:
Input: THe bartendars were right on top of getting us our wine and setting up free blue cheese dip and chips for us.
Prompt: What is the sentiment in the text towards 'bartendars'? Only respond with ""positive"", ""negative"" or ""neutral"" as one word."
401,401,153,401,"Includes a diverse array of entrees ranging from Boar (prepared in your choice of either the French or Asian tradition), Mussels, or Pad Thai that grace the menu all at once, each one prepared in a distinctly different and delicate sauce.",entrees,positive,0,"Input: ""The decor is not special at all but their food and amazing prices make up for it.""
Term: decor
Output: negative
",3,"Input: ""when tables opened up, the manager sat another party before us.""
Term: tables
Output: neutral
",9,"Input: ""service is good although a bit in your face, we were asked every five mins if food was ok, but better that than being ignored.""
Term: service
Output: positive
",positive,prompt_single_term_fewshot,"Example 1:
Input: ""The decor is not special at all but their food and amazing prices make up for it.""
Term: decor
Output: negative


Example 2:
Input: ""when tables opened up, the manager sat another party before us.""
Term: tables
Output: neutral


Example 3
Input: ""service is good although a bit in your face, we were asked every five mins if food was ok, but better that than being ignored.""
Term: service
Output: positive

    
Task:
Input: Includes a diverse array of entrees ranging from Boar (prepared in your choice of either the French or Asian tradition), Mussels, or Pad Thai that grace the menu all at once, each one prepared in a distinctly different and delicate sauce.
Prompt: What is the sentiment in the text towards 'entrees'? Only respond with ""positive"", ""negative"" or ""neutral"" as one word."
402,402,153,402,"Includes a diverse array of entrees ranging from Boar (prepared in your choice of either the French or Asian tradition), Mussels, or Pad Thai that grace the menu all at once, each one prepared in a distinctly different and delicate sauce.",Mussels,neutral,0,"Input: ""The decor is not special at all but their food and amazing prices make up for it.""
Term: decor
Output: negative
",3,"Input: ""when tables opened up, the manager sat another party before us.""
Term: tables
Output: neutral
",9,"Input: ""service is good although a bit in your face, we were asked every five mins if food was ok, but better that than being ignored.""
Term: service
Output: positive
",positive,prompt_single_term_fewshot,"Example 1:
Input: ""The decor is not special at all but their food and amazing prices make up for it.""
Term: decor
Output: negative


Example 2:
Input: ""when tables opened up, the manager sat another party before us.""
Term: tables
Output: neutral


Example 3
Input: ""service is good although a bit in your face, we were asked every five mins if food was ok, but better that than being ignored.""
Term: service
Output: positive

    
Task:
Input: Includes a diverse array of entrees ranging from Boar (prepared in your choice of either the French or Asian tradition), Mussels, or Pad Thai that grace the menu all at once, each one prepared in a distinctly different and delicate sauce.
Prompt: What is the sentiment in the text towards 'Mussels'? Only respond with ""positive"", ""negative"" or ""neutral"" as one word."
403,403,153,403,"Includes a diverse array of entrees ranging from Boar (prepared in your choice of either the French or Asian tradition), Mussels, or Pad Thai that grace the menu all at once, each one prepared in a distinctly different and delicate sauce.",menu,neutral,0,"Input: ""The decor is not special at all but their food and amazing prices make up for it.""
Term: decor
Output: negative
",3,"Input: ""when tables opened up, the manager sat another party before us.""
Term: tables
Output: neutral
",9,"Input: ""service is good although a bit in your face, we were asked every five mins if food was ok, but better that than being ignored.""
Term: service
Output: positive
",positive,prompt_single_term_fewshot,"Example 1:
Input: ""The decor is not special at all but their food and amazing prices make up for it.""
Term: decor
Output: negative


Example 2:
Input: ""when tables opened up, the manager sat another party before us.""
Term: tables
Output: neutral


Example 3
Input: ""service is good although a bit in your face, we were asked every five mins if food was ok, but better that than being ignored.""
Term: service
Output: positive

    
Task:
Input: Includes a diverse array of entrees ranging from Boar (prepared in your choice of either the French or Asian tradition), Mussels, or Pad Thai that grace the menu all at once, each one prepared in a distinctly different and delicate sauce.
Prompt: What is the sentiment in the text towards 'menu'? Only respond with ""positive"", ""negative"" or ""neutral"" as one word."
404,404,154,404,"After all that, the waiter tried to backpedal saying its too hard to time the cooking of miso soup with the sushi bar offerings.",waiter,negative,0,"Input: ""The decor is not special at all but their food and amazing prices make up for it.""
Term: decor
Output: negative
",3,"Input: ""when tables opened up, the manager sat another party before us.""
Term: tables
Output: neutral
",9,"Input: ""service is good although a bit in your face, we were asked every five mins if food was ok, but better that than being ignored.""
Term: service
Output: positive
",negative,prompt_single_term_fewshot,"Example 1:
Input: ""The decor is not special at all but their food and amazing prices make up for it.""
Term: decor
Output: negative


Example 2:
Input: ""when tables opened up, the manager sat another party before us.""
Term: tables
Output: neutral


Example 3
Input: ""service is good although a bit in your face, we were asked every five mins if food was ok, but better that than being ignored.""
Term: service
Output: positive

    
Task:
Input: After all that, the waiter tried to backpedal saying its too hard to time the cooking of miso soup with the sushi bar offerings.
Prompt: What is the sentiment in the text towards 'waiter'? Only respond with ""positive"", ""negative"" or ""neutral"" as one word."
405,405,154,405,"After all that, the waiter tried to backpedal saying its too hard to time the cooking of miso soup with the sushi bar offerings.",cooking of miso soup,neutral,0,"Input: ""The decor is not special at all but their food and amazing prices make up for it.""
Term: decor
Output: negative
",3,"Input: ""when tables opened up, the manager sat another party before us.""
Term: tables
Output: neutral
",9,"Input: ""service is good although a bit in your face, we were asked every five mins if food was ok, but better that than being ignored.""
Term: service
Output: positive
",negative,prompt_single_term_fewshot,"Example 1:
Input: ""The decor is not special at all but their food and amazing prices make up for it.""
Term: decor
Output: negative


Example 2:
Input: ""when tables opened up, the manager sat another party before us.""
Term: tables
Output: neutral


Example 3
Input: ""service is good although a bit in your face, we were asked every five mins if food was ok, but better that than being ignored.""
Term: service
Output: positive

    
Task:
Input: After all that, the waiter tried to backpedal saying its too hard to time the cooking of miso soup with the sushi bar offerings.
Prompt: What is the sentiment in the text towards 'cooking of miso soup'? Only respond with ""positive"", ""negative"" or ""neutral"" as one word."
406,406,155,406,"Anyway, I went down on a Wednesday night to see if they had a long wait and the hostess said they had a table to accomodate my party.",wait,negative,0,"Input: ""The decor is not special at all but their food and amazing prices make up for it.""
Term: decor
Output: negative
",3,"Input: ""when tables opened up, the manager sat another party before us.""
Term: tables
Output: neutral
",9,"Input: ""service is good although a bit in your face, we were asked every five mins if food was ok, but better that than being ignored.""
Term: service
Output: positive
",neutral,prompt_single_term_fewshot,"Example 1:
Input: ""The decor is not special at all but their food and amazing prices make up for it.""
Term: decor
Output: negative


Example 2:
Input: ""when tables opened up, the manager sat another party before us.""
Term: tables
Output: neutral


Example 3
Input: ""service is good although a bit in your face, we were asked every five mins if food was ok, but better that than being ignored.""
Term: service
Output: positive

    
Task:
Input: Anyway, I went down on a Wednesday night to see if they had a long wait and the hostess said they had a table to accomodate my party.
Prompt: What is the sentiment in the text towards 'wait'? Only respond with ""positive"", ""negative"" or ""neutral"" as one word."
407,407,155,407,"Anyway, I went down on a Wednesday night to see if they had a long wait and the hostess said they had a table to accomodate my party.",table,neutral,0,"Input: ""The decor is not special at all but their food and amazing prices make up for it.""
Term: decor
Output: negative
",3,"Input: ""when tables opened up, the manager sat another party before us.""
Term: tables
Output: neutral
",9,"Input: ""service is good although a bit in your face, we were asked every five mins if food was ok, but better that than being ignored.""
Term: service
Output: positive
",positive,prompt_single_term_fewshot,"Example 1:
Input: ""The decor is not special at all but their food and amazing prices make up for it.""
Term: decor
Output: negative


Example 2:
Input: ""when tables opened up, the manager sat another party before us.""
Term: tables
Output: neutral


Example 3
Input: ""service is good although a bit in your face, we were asked every five mins if food was ok, but better that than being ignored.""
Term: service
Output: positive

    
Task:
Input: Anyway, I went down on a Wednesday night to see if they had a long wait and the hostess said they had a table to accomodate my party.
Prompt: What is the sentiment in the text towards 'table'? Only respond with ""positive"", ""negative"" or ""neutral"" as one word."
408,408,156,408,"The Food The classic Italian menu gets off to a good start with Queen's famous bread basket, which is loaded with a slew of crunchy, yeasty homemade varieties.",Food,neutral,0,"Input: ""The decor is not special at all but their food and amazing prices make up for it.""
Term: decor
Output: negative
",3,"Input: ""when tables opened up, the manager sat another party before us.""
Term: tables
Output: neutral
",9,"Input: ""service is good although a bit in your face, we were asked every five mins if food was ok, but better that than being ignored.""
Term: service
Output: positive
",positive,prompt_single_term_fewshot,"Example 1:
Input: ""The decor is not special at all but their food and amazing prices make up for it.""
Term: decor
Output: negative


Example 2:
Input: ""when tables opened up, the manager sat another party before us.""
Term: tables
Output: neutral


Example 3
Input: ""service is good although a bit in your face, we were asked every five mins if food was ok, but better that than being ignored.""
Term: service
Output: positive

    
Task:
Input: The Food The classic Italian menu gets off to a good start with Queen's famous bread basket, which is loaded with a slew of crunchy, yeasty homemade varieties.
Prompt: What is the sentiment in the text towards 'Food'? Only respond with ""positive"", ""negative"" or ""neutral"" as one word."
409,409,156,409,"The Food The classic Italian menu gets off to a good start with Queen's famous bread basket, which is loaded with a slew of crunchy, yeasty homemade varieties.",Italian menu,positive,0,"Input: ""The decor is not special at all but their food and amazing prices make up for it.""
Term: decor
Output: negative
",3,"Input: ""when tables opened up, the manager sat another party before us.""
Term: tables
Output: neutral
",9,"Input: ""service is good although a bit in your face, we were asked every five mins if food was ok, but better that than being ignored.""
Term: service
Output: positive
",positive,prompt_single_term_fewshot,"Example 1:
Input: ""The decor is not special at all but their food and amazing prices make up for it.""
Term: decor
Output: negative


Example 2:
Input: ""when tables opened up, the manager sat another party before us.""
Term: tables
Output: neutral


Example 3
Input: ""service is good although a bit in your face, we were asked every five mins if food was ok, but better that than being ignored.""
Term: service
Output: positive

    
Task:
Input: The Food The classic Italian menu gets off to a good start with Queen's famous bread basket, which is loaded with a slew of crunchy, yeasty homemade varieties.
Prompt: What is the sentiment in the text towards 'Italian menu'? Only respond with ""positive"", ""negative"" or ""neutral"" as one word."
410,410,156,410,"The Food The classic Italian menu gets off to a good start with Queen's famous bread basket, which is loaded with a slew of crunchy, yeasty homemade varieties.",bread,positive,0,"Input: ""The decor is not special at all but their food and amazing prices make up for it.""
Term: decor
Output: negative
",3,"Input: ""when tables opened up, the manager sat another party before us.""
Term: tables
Output: neutral
",9,"Input: ""service is good although a bit in your face, we were asked every five mins if food was ok, but better that than being ignored.""
Term: service
Output: positive
",positive,prompt_single_term_fewshot,"Example 1:
Input: ""The decor is not special at all but their food and amazing prices make up for it.""
Term: decor
Output: negative


Example 2:
Input: ""when tables opened up, the manager sat another party before us.""
Term: tables
Output: neutral


Example 3
Input: ""service is good although a bit in your face, we were asked every five mins if food was ok, but better that than being ignored.""
Term: service
Output: positive

    
Task:
Input: The Food The classic Italian menu gets off to a good start with Queen's famous bread basket, which is loaded with a slew of crunchy, yeasty homemade varieties.
Prompt: What is the sentiment in the text towards 'bread'? Only respond with ""positive"", ""negative"" or ""neutral"" as one word."
411,411,156,411,"The Food The classic Italian menu gets off to a good start with Queen's famous bread basket, which is loaded with a slew of crunchy, yeasty homemade varieties.",varieties,positive,0,"Input: ""The decor is not special at all but their food and amazing prices make up for it.""
Term: decor
Output: negative
",3,"Input: ""when tables opened up, the manager sat another party before us.""
Term: tables
Output: neutral
",9,"Input: ""service is good although a bit in your face, we were asked every five mins if food was ok, but better that than being ignored.""
Term: service
Output: positive
",positive,prompt_single_term_fewshot,"Example 1:
Input: ""The decor is not special at all but their food and amazing prices make up for it.""
Term: decor
Output: negative


Example 2:
Input: ""when tables opened up, the manager sat another party before us.""
Term: tables
Output: neutral


Example 3
Input: ""service is good although a bit in your face, we were asked every five mins if food was ok, but better that than being ignored.""
Term: service
Output: positive

    
Task:
Input: The Food The classic Italian menu gets off to a good start with Queen's famous bread basket, which is loaded with a slew of crunchy, yeasty homemade varieties.
Prompt: What is the sentiment in the text towards 'varieties'? Only respond with ""positive"", ""negative"" or ""neutral"" as one word."
412,412,157,412,"For the main course, try out the Beef Negimaki.",main course,neutral,0,"Input: ""The decor is not special at all but their food and amazing prices make up for it.""
Term: decor
Output: negative
",3,"Input: ""when tables opened up, the manager sat another party before us.""
Term: tables
Output: neutral
",9,"Input: ""service is good although a bit in your face, we were asked every five mins if food was ok, but better that than being ignored.""
Term: service
Output: positive
",positive,prompt_single_term_fewshot,"Example 1:
Input: ""The decor is not special at all but their food and amazing prices make up for it.""
Term: decor
Output: negative


Example 2:
Input: ""when tables opened up, the manager sat another party before us.""
Term: tables
Output: neutral


Example 3
Input: ""service is good although a bit in your face, we were asked every five mins if food was ok, but better that than being ignored.""
Term: service
Output: positive

    
Task:
Input: For the main course, try out the Beef Negimaki.
Prompt: What is the sentiment in the text towards 'main course'? Only respond with ""positive"", ""negative"" or ""neutral"" as one word."
413,413,157,413,"For the main course, try out the Beef Negimaki.",Beef Negimaki,positive,0,"Input: ""The decor is not special at all but their food and amazing prices make up for it.""
Term: decor
Output: negative
",3,"Input: ""when tables opened up, the manager sat another party before us.""
Term: tables
Output: neutral
",9,"Input: ""service is good although a bit in your face, we were asked every five mins if food was ok, but better that than being ignored.""
Term: service
Output: positive
",positive,prompt_single_term_fewshot,"Example 1:
Input: ""The decor is not special at all but their food and amazing prices make up for it.""
Term: decor
Output: negative


Example 2:
Input: ""when tables opened up, the manager sat another party before us.""
Term: tables
Output: neutral


Example 3
Input: ""service is good although a bit in your face, we were asked every five mins if food was ok, but better that than being ignored.""
Term: service
Output: positive

    
Task:
Input: For the main course, try out the Beef Negimaki.
Prompt: What is the sentiment in the text towards 'Beef Negimaki'? Only respond with ""positive"", ""negative"" or ""neutral"" as one word."
414,414,158,414,"For lunch, opt for an outstanding, triple-decker roast turkey club or brioche burger with skin-on fries.",lunch,neutral,0,"Input: ""The decor is not special at all but their food and amazing prices make up for it.""
Term: decor
Output: negative
",3,"Input: ""when tables opened up, the manager sat another party before us.""
Term: tables
Output: neutral
",9,"Input: ""service is good although a bit in your face, we were asked every five mins if food was ok, but better that than being ignored.""
Term: service
Output: positive
",positive,prompt_single_term_fewshot,"Example 1:
Input: ""The decor is not special at all but their food and amazing prices make up for it.""
Term: decor
Output: negative


Example 2:
Input: ""when tables opened up, the manager sat another party before us.""
Term: tables
Output: neutral


Example 3
Input: ""service is good although a bit in your face, we were asked every five mins if food was ok, but better that than being ignored.""
Term: service
Output: positive

    
Task:
Input: For lunch, opt for an outstanding, triple-decker roast turkey club or brioche burger with skin-on fries.
Prompt: What is the sentiment in the text towards 'lunch'? Only respond with ""positive"", ""negative"" or ""neutral"" as one word."
415,415,158,415,"For lunch, opt for an outstanding, triple-decker roast turkey club or brioche burger with skin-on fries.",triple-decker roast turkey club,positive,0,"Input: ""The decor is not special at all but their food and amazing prices make up for it.""
Term: decor
Output: negative
",3,"Input: ""when tables opened up, the manager sat another party before us.""
Term: tables
Output: neutral
",9,"Input: ""service is good although a bit in your face, we were asked every five mins if food was ok, but better that than being ignored.""
Term: service
Output: positive
",positive,prompt_single_term_fewshot,"Example 1:
Input: ""The decor is not special at all but their food and amazing prices make up for it.""
Term: decor
Output: negative


Example 2:
Input: ""when tables opened up, the manager sat another party before us.""
Term: tables
Output: neutral


Example 3
Input: ""service is good although a bit in your face, we were asked every five mins if food was ok, but better that than being ignored.""
Term: service
Output: positive

    
Task:
Input: For lunch, opt for an outstanding, triple-decker roast turkey club or brioche burger with skin-on fries.
Prompt: What is the sentiment in the text towards 'triple-decker roast turkey club'? Only respond with ""positive"", ""negative"" or ""neutral"" as one word."
416,416,158,416,"For lunch, opt for an outstanding, triple-decker roast turkey club or brioche burger with skin-on fries.",brioche burger,neutral,0,"Input: ""The decor is not special at all but their food and amazing prices make up for it.""
Term: decor
Output: negative
",3,"Input: ""when tables opened up, the manager sat another party before us.""
Term: tables
Output: neutral
",9,"Input: ""service is good although a bit in your face, we were asked every five mins if food was ok, but better that than being ignored.""
Term: service
Output: positive
",positive,prompt_single_term_fewshot,"Example 1:
Input: ""The decor is not special at all but their food and amazing prices make up for it.""
Term: decor
Output: negative


Example 2:
Input: ""when tables opened up, the manager sat another party before us.""
Term: tables
Output: neutral


Example 3
Input: ""service is good although a bit in your face, we were asked every five mins if food was ok, but better that than being ignored.""
Term: service
Output: positive

    
Task:
Input: For lunch, opt for an outstanding, triple-decker roast turkey club or brioche burger with skin-on fries.
Prompt: What is the sentiment in the text towards 'brioche burger'? Only respond with ""positive"", ""negative"" or ""neutral"" as one word."
417,417,158,417,"For lunch, opt for an outstanding, triple-decker roast turkey club or brioche burger with skin-on fries.",skin-on fries,neutral,0,"Input: ""The decor is not special at all but their food and amazing prices make up for it.""
Term: decor
Output: negative
",3,"Input: ""when tables opened up, the manager sat another party before us.""
Term: tables
Output: neutral
",9,"Input: ""service is good although a bit in your face, we were asked every five mins if food was ok, but better that than being ignored.""
Term: service
Output: positive
",positive,prompt_single_term_fewshot,"Example 1:
Input: ""The decor is not special at all but their food and amazing prices make up for it.""
Term: decor
Output: negative


Example 2:
Input: ""when tables opened up, the manager sat another party before us.""
Term: tables
Output: neutral


Example 3
Input: ""service is good although a bit in your face, we were asked every five mins if food was ok, but better that than being ignored.""
Term: service
Output: positive

    
Task:
Input: For lunch, opt for an outstanding, triple-decker roast turkey club or brioche burger with skin-on fries.
Prompt: What is the sentiment in the text towards 'skin-on fries'? Only respond with ""positive"", ""negative"" or ""neutral"" as one word."
418,418,159,418,"I understand the area and folks you need not come here for the romantic, alluring ambiance or the five star service featuring a sommlier and a complicated maze of captain and back waiters - you come for the authentic foods, the tastes, the experiance.",ambiance,positive,0,"Input: ""The decor is not special at all but their food and amazing prices make up for it.""
Term: decor
Output: negative
",3,"Input: ""when tables opened up, the manager sat another party before us.""
Term: tables
Output: neutral
",9,"Input: ""service is good although a bit in your face, we were asked every five mins if food was ok, but better that than being ignored.""
Term: service
Output: positive
",negative,prompt_single_term_fewshot,"Example 1:
Input: ""The decor is not special at all but their food and amazing prices make up for it.""
Term: decor
Output: negative


Example 2:
Input: ""when tables opened up, the manager sat another party before us.""
Term: tables
Output: neutral


Example 3
Input: ""service is good although a bit in your face, we were asked every five mins if food was ok, but better that than being ignored.""
Term: service
Output: positive

    
Task:
Input: I understand the area and folks you need not come here for the romantic, alluring ambiance or the five star service featuring a sommlier and a complicated maze of captain and back waiters - you come for the authentic foods, the tastes, the experiance.
Prompt: What is the sentiment in the text towards 'ambiance'? Only respond with ""positive"", ""negative"" or ""neutral"" as one word."
419,419,159,419,"I understand the area and folks you need not come here for the romantic, alluring ambiance or the five star service featuring a sommlier and a complicated maze of captain and back waiters - you come for the authentic foods, the tastes, the experiance.",service,positive,0,"Input: ""The decor is not special at all but their food and amazing prices make up for it.""
Term: decor
Output: negative
",3,"Input: ""when tables opened up, the manager sat another party before us.""
Term: tables
Output: neutral
",9,"Input: ""service is good although a bit in your face, we were asked every five mins if food was ok, but better that than being ignored.""
Term: service
Output: positive
",neutral,prompt_single_term_fewshot,"Example 1:
Input: ""The decor is not special at all but their food and amazing prices make up for it.""
Term: decor
Output: negative


Example 2:
Input: ""when tables opened up, the manager sat another party before us.""
Term: tables
Output: neutral


Example 3
Input: ""service is good although a bit in your face, we were asked every five mins if food was ok, but better that than being ignored.""
Term: service
Output: positive

    
Task:
Input: I understand the area and folks you need not come here for the romantic, alluring ambiance or the five star service featuring a sommlier and a complicated maze of captain and back waiters - you come for the authentic foods, the tastes, the experiance.
Prompt: What is the sentiment in the text towards 'service'? Only respond with ""positive"", ""negative"" or ""neutral"" as one word."
420,420,159,420,"I understand the area and folks you need not come here for the romantic, alluring ambiance or the five star service featuring a sommlier and a complicated maze of captain and back waiters - you come for the authentic foods, the tastes, the experiance.",sommlier,neutral,0,"Input: ""The decor is not special at all but their food and amazing prices make up for it.""
Term: decor
Output: negative
",3,"Input: ""when tables opened up, the manager sat another party before us.""
Term: tables
Output: neutral
",9,"Input: ""service is good although a bit in your face, we were asked every five mins if food was ok, but better that than being ignored.""
Term: service
Output: positive
",negative,prompt_single_term_fewshot,"Example 1:
Input: ""The decor is not special at all but their food and amazing prices make up for it.""
Term: decor
Output: negative


Example 2:
Input: ""when tables opened up, the manager sat another party before us.""
Term: tables
Output: neutral


Example 3
Input: ""service is good although a bit in your face, we were asked every five mins if food was ok, but better that than being ignored.""
Term: service
Output: positive

    
Task:
Input: I understand the area and folks you need not come here for the romantic, alluring ambiance or the five star service featuring a sommlier and a complicated maze of captain and back waiters - you come for the authentic foods, the tastes, the experiance.
Prompt: What is the sentiment in the text towards 'sommlier'? Only respond with ""positive"", ""negative"" or ""neutral"" as one word."
421,421,159,421,"I understand the area and folks you need not come here for the romantic, alluring ambiance or the five star service featuring a sommlier and a complicated maze of captain and back waiters - you come for the authentic foods, the tastes, the experiance.",captain,positive,0,"Input: ""The decor is not special at all but their food and amazing prices make up for it.""
Term: decor
Output: negative
",3,"Input: ""when tables opened up, the manager sat another party before us.""
Term: tables
Output: neutral
",9,"Input: ""service is good although a bit in your face, we were asked every five mins if food was ok, but better that than being ignored.""
Term: service
Output: positive
",negative,prompt_single_term_fewshot,"Example 1:
Input: ""The decor is not special at all but their food and amazing prices make up for it.""
Term: decor
Output: negative


Example 2:
Input: ""when tables opened up, the manager sat another party before us.""
Term: tables
Output: neutral


Example 3
Input: ""service is good although a bit in your face, we were asked every five mins if food was ok, but better that than being ignored.""
Term: service
Output: positive

    
Task:
Input: I understand the area and folks you need not come here for the romantic, alluring ambiance or the five star service featuring a sommlier and a complicated maze of captain and back waiters - you come for the authentic foods, the tastes, the experiance.
Prompt: What is the sentiment in the text towards 'captain'? Only respond with ""positive"", ""negative"" or ""neutral"" as one word."
422,422,159,422,"I understand the area and folks you need not come here for the romantic, alluring ambiance or the five star service featuring a sommlier and a complicated maze of captain and back waiters - you come for the authentic foods, the tastes, the experiance.",back waiters,neutral,0,"Input: ""The decor is not special at all but their food and amazing prices make up for it.""
Term: decor
Output: negative
",3,"Input: ""when tables opened up, the manager sat another party before us.""
Term: tables
Output: neutral
",9,"Input: ""service is good although a bit in your face, we were asked every five mins if food was ok, but better that than being ignored.""
Term: service
Output: positive
",neutral,prompt_single_term_fewshot,"Example 1:
Input: ""The decor is not special at all but their food and amazing prices make up for it.""
Term: decor
Output: negative


Example 2:
Input: ""when tables opened up, the manager sat another party before us.""
Term: tables
Output: neutral


Example 3
Input: ""service is good although a bit in your face, we were asked every five mins if food was ok, but better that than being ignored.""
Term: service
Output: positive

    
Task:
Input: I understand the area and folks you need not come here for the romantic, alluring ambiance or the five star service featuring a sommlier and a complicated maze of captain and back waiters - you come for the authentic foods, the tastes, the experiance.
Prompt: What is the sentiment in the text towards 'back waiters'? Only respond with ""positive"", ""negative"" or ""neutral"" as one word."
423,423,159,423,"I understand the area and folks you need not come here for the romantic, alluring ambiance or the five star service featuring a sommlier and a complicated maze of captain and back waiters - you come for the authentic foods, the tastes, the experiance.",foods,positive,0,"Input: ""The decor is not special at all but their food and amazing prices make up for it.""
Term: decor
Output: negative
",3,"Input: ""when tables opened up, the manager sat another party before us.""
Term: tables
Output: neutral
",9,"Input: ""service is good although a bit in your face, we were asked every five mins if food was ok, but better that than being ignored.""
Term: service
Output: positive
",positive,prompt_single_term_fewshot,"Example 1:
Input: ""The decor is not special at all but their food and amazing prices make up for it.""
Term: decor
Output: negative


Example 2:
Input: ""when tables opened up, the manager sat another party before us.""
Term: tables
Output: neutral


Example 3
Input: ""service is good although a bit in your face, we were asked every five mins if food was ok, but better that than being ignored.""
Term: service
Output: positive

    
Task:
Input: I understand the area and folks you need not come here for the romantic, alluring ambiance or the five star service featuring a sommlier and a complicated maze of captain and back waiters - you come for the authentic foods, the tastes, the experiance.
Prompt: What is the sentiment in the text towards 'foods'? Only respond with ""positive"", ""negative"" or ""neutral"" as one word."
424,424,160,424,"The service can be lacking at times, but the desserts and overall experience certainly counter this flaw.",service,negative,0,"Input: ""The decor is not special at all but their food and amazing prices make up for it.""
Term: decor
Output: negative
",3,"Input: ""when tables opened up, the manager sat another party before us.""
Term: tables
Output: neutral
",9,"Input: ""service is good although a bit in your face, we were asked every five mins if food was ok, but better that than being ignored.""
Term: service
Output: positive
",negative,prompt_single_term_fewshot,"Example 1:
Input: ""The decor is not special at all but their food and amazing prices make up for it.""
Term: decor
Output: negative


Example 2:
Input: ""when tables opened up, the manager sat another party before us.""
Term: tables
Output: neutral


Example 3
Input: ""service is good although a bit in your face, we were asked every five mins if food was ok, but better that than being ignored.""
Term: service
Output: positive

    
Task:
Input: The service can be lacking at times, but the desserts and overall experience certainly counter this flaw.
Prompt: What is the sentiment in the text towards 'service'? Only respond with ""positive"", ""negative"" or ""neutral"" as one word."
425,425,160,425,"The service can be lacking at times, but the desserts and overall experience certainly counter this flaw.",desserts,positive,0,"Input: ""The decor is not special at all but their food and amazing prices make up for it.""
Term: decor
Output: negative
",3,"Input: ""when tables opened up, the manager sat another party before us.""
Term: tables
Output: neutral
",9,"Input: ""service is good although a bit in your face, we were asked every five mins if food was ok, but better that than being ignored.""
Term: service
Output: positive
",positive,prompt_single_term_fewshot,"Example 1:
Input: ""The decor is not special at all but their food and amazing prices make up for it.""
Term: decor
Output: negative


Example 2:
Input: ""when tables opened up, the manager sat another party before us.""
Term: tables
Output: neutral


Example 3
Input: ""service is good although a bit in your face, we were asked every five mins if food was ok, but better that than being ignored.""
Term: service
Output: positive

    
Task:
Input: The service can be lacking at times, but the desserts and overall experience certainly counter this flaw.
Prompt: What is the sentiment in the text towards 'desserts'? Only respond with ""positive"", ""negative"" or ""neutral"" as one word."
426,426,161,426,"Had a party of 7 people for dinner here on a busy night for the restaurant, and our meal was excellent and served with extreme consistency (all appetizers and main courses were served at the right times, with none of the dishes served at the wrong temperature).",dinner,neutral,0,"Input: ""The decor is not special at all but their food and amazing prices make up for it.""
Term: decor
Output: negative
",3,"Input: ""when tables opened up, the manager sat another party before us.""
Term: tables
Output: neutral
",9,"Input: ""service is good although a bit in your face, we were asked every five mins if food was ok, but better that than being ignored.""
Term: service
Output: positive
",positive,prompt_single_term_fewshot,"Example 1:
Input: ""The decor is not special at all but their food and amazing prices make up for it.""
Term: decor
Output: negative


Example 2:
Input: ""when tables opened up, the manager sat another party before us.""
Term: tables
Output: neutral


Example 3
Input: ""service is good although a bit in your face, we were asked every five mins if food was ok, but better that than being ignored.""
Term: service
Output: positive

    
Task:
Input: Had a party of 7 people for dinner here on a busy night for the restaurant, and our meal was excellent and served with extreme consistency (all appetizers and main courses were served at the right times, with none of the dishes served at the wrong temperature).
Prompt: What is the sentiment in the text towards 'dinner'? Only respond with ""positive"", ""negative"" or ""neutral"" as one word."
427,427,161,427,"Had a party of 7 people for dinner here on a busy night for the restaurant, and our meal was excellent and served with extreme consistency (all appetizers and main courses were served at the right times, with none of the dishes served at the wrong temperature).",meal,positive,0,"Input: ""The decor is not special at all but their food and amazing prices make up for it.""
Term: decor
Output: negative
",3,"Input: ""when tables opened up, the manager sat another party before us.""
Term: tables
Output: neutral
",9,"Input: ""service is good although a bit in your face, we were asked every five mins if food was ok, but better that than being ignored.""
Term: service
Output: positive
",positive,prompt_single_term_fewshot,"Example 1:
Input: ""The decor is not special at all but their food and amazing prices make up for it.""
Term: decor
Output: negative


Example 2:
Input: ""when tables opened up, the manager sat another party before us.""
Term: tables
Output: neutral


Example 3
Input: ""service is good although a bit in your face, we were asked every five mins if food was ok, but better that than being ignored.""
Term: service
Output: positive

    
Task:
Input: Had a party of 7 people for dinner here on a busy night for the restaurant, and our meal was excellent and served with extreme consistency (all appetizers and main courses were served at the right times, with none of the dishes served at the wrong temperature).
Prompt: What is the sentiment in the text towards 'meal'? Only respond with ""positive"", ""negative"" or ""neutral"" as one word."
428,428,161,428,"Had a party of 7 people for dinner here on a busy night for the restaurant, and our meal was excellent and served with extreme consistency (all appetizers and main courses were served at the right times, with none of the dishes served at the wrong temperature).",dishes served,positive,0,"Input: ""The decor is not special at all but their food and amazing prices make up for it.""
Term: decor
Output: negative
",3,"Input: ""when tables opened up, the manager sat another party before us.""
Term: tables
Output: neutral
",9,"Input: ""service is good although a bit in your face, we were asked every five mins if food was ok, but better that than being ignored.""
Term: service
Output: positive
",positive,prompt_single_term_fewshot,"Example 1:
Input: ""The decor is not special at all but their food and amazing prices make up for it.""
Term: decor
Output: negative


Example 2:
Input: ""when tables opened up, the manager sat another party before us.""
Term: tables
Output: neutral


Example 3
Input: ""service is good although a bit in your face, we were asked every five mins if food was ok, but better that than being ignored.""
Term: service
Output: positive

    
Task:
Input: Had a party of 7 people for dinner here on a busy night for the restaurant, and our meal was excellent and served with extreme consistency (all appetizers and main courses were served at the right times, with none of the dishes served at the wrong temperature).
Prompt: What is the sentiment in the text towards 'dishes served'? Only respond with ""positive"", ""negative"" or ""neutral"" as one word."
429,429,162,429,"however, we went for lunch and were the only ones eating there and yet the service seemed eager for us to be done and to get out.",lunch,neutral,0,"Input: ""The decor is not special at all but their food and amazing prices make up for it.""
Term: decor
Output: negative
",3,"Input: ""when tables opened up, the manager sat another party before us.""
Term: tables
Output: neutral
",9,"Input: ""service is good although a bit in your face, we were asked every five mins if food was ok, but better that than being ignored.""
Term: service
Output: positive
",neutral,prompt_single_term_fewshot,"Example 1:
Input: ""The decor is not special at all but their food and amazing prices make up for it.""
Term: decor
Output: negative


Example 2:
Input: ""when tables opened up, the manager sat another party before us.""
Term: tables
Output: neutral


Example 3
Input: ""service is good although a bit in your face, we were asked every five mins if food was ok, but better that than being ignored.""
Term: service
Output: positive

    
Task:
Input: however, we went for lunch and were the only ones eating there and yet the service seemed eager for us to be done and to get out.
Prompt: What is the sentiment in the text towards 'lunch'? Only respond with ""positive"", ""negative"" or ""neutral"" as one word."
430,430,162,430,"however, we went for lunch and were the only ones eating there and yet the service seemed eager for us to be done and to get out.",service,negative,0,"Input: ""The decor is not special at all but their food and amazing prices make up for it.""
Term: decor
Output: negative
",3,"Input: ""when tables opened up, the manager sat another party before us.""
Term: tables
Output: neutral
",9,"Input: ""service is good although a bit in your face, we were asked every five mins if food was ok, but better that than being ignored.""
Term: service
Output: positive
",negative,prompt_single_term_fewshot,"Example 1:
Input: ""The decor is not special at all but their food and amazing prices make up for it.""
Term: decor
Output: negative


Example 2:
Input: ""when tables opened up, the manager sat another party before us.""
Term: tables
Output: neutral


Example 3
Input: ""service is good although a bit in your face, we were asked every five mins if food was ok, but better that than being ignored.""
Term: service
Output: positive

    
Task:
Input: however, we went for lunch and were the only ones eating there and yet the service seemed eager for us to be done and to get out.
Prompt: What is the sentiment in the text towards 'service'? Only respond with ""positive"", ""negative"" or ""neutral"" as one word."
431,431,163,431,People will literally spend their entire lunch break waiting and for what - an average fastfood burger.,lunch,neutral,0,"Input: ""The decor is not special at all but their food and amazing prices make up for it.""
Term: decor
Output: negative
",3,"Input: ""when tables opened up, the manager sat another party before us.""
Term: tables
Output: neutral
",9,"Input: ""service is good although a bit in your face, we were asked every five mins if food was ok, but better that than being ignored.""
Term: service
Output: positive
",negative,prompt_single_term_fewshot,"Example 1:
Input: ""The decor is not special at all but their food and amazing prices make up for it.""
Term: decor
Output: negative


Example 2:
Input: ""when tables opened up, the manager sat another party before us.""
Term: tables
Output: neutral


Example 3
Input: ""service is good although a bit in your face, we were asked every five mins if food was ok, but better that than being ignored.""
Term: service
Output: positive

    
Task:
Input: People will literally spend their entire lunch break waiting and for what - an average fastfood burger.
Prompt: What is the sentiment in the text towards 'lunch'? Only respond with ""positive"", ""negative"" or ""neutral"" as one word."
432,432,163,432,People will literally spend their entire lunch break waiting and for what - an average fastfood burger.,waiting,neutral,0,"Input: ""The decor is not special at all but their food and amazing prices make up for it.""
Term: decor
Output: negative
",3,"Input: ""when tables opened up, the manager sat another party before us.""
Term: tables
Output: neutral
",9,"Input: ""service is good although a bit in your face, we were asked every five mins if food was ok, but better that than being ignored.""
Term: service
Output: positive
",negative,prompt_single_term_fewshot,"Example 1:
Input: ""The decor is not special at all but their food and amazing prices make up for it.""
Term: decor
Output: negative


Example 2:
Input: ""when tables opened up, the manager sat another party before us.""
Term: tables
Output: neutral


Example 3
Input: ""service is good although a bit in your face, we were asked every five mins if food was ok, but better that than being ignored.""
Term: service
Output: positive

    
Task:
Input: People will literally spend their entire lunch break waiting and for what - an average fastfood burger.
Prompt: What is the sentiment in the text towards 'waiting'? Only respond with ""positive"", ""negative"" or ""neutral"" as one word."
433,433,163,433,People will literally spend their entire lunch break waiting and for what - an average fastfood burger.,burger,negative,0,"Input: ""The decor is not special at all but their food and amazing prices make up for it.""
Term: decor
Output: negative
",3,"Input: ""when tables opened up, the manager sat another party before us.""
Term: tables
Output: neutral
",9,"Input: ""service is good although a bit in your face, we were asked every five mins if food was ok, but better that than being ignored.""
Term: service
Output: positive
",negative,prompt_single_term_fewshot,"Example 1:
Input: ""The decor is not special at all but their food and amazing prices make up for it.""
Term: decor
Output: negative


Example 2:
Input: ""when tables opened up, the manager sat another party before us.""
Term: tables
Output: neutral


Example 3
Input: ""service is good although a bit in your face, we were asked every five mins if food was ok, but better that than being ignored.""
Term: service
Output: positive

    
Task:
Input: People will literally spend their entire lunch break waiting and for what - an average fastfood burger.
Prompt: What is the sentiment in the text towards 'burger'? Only respond with ""positive"", ""negative"" or ""neutral"" as one word."
434,434,164,434,"As for the food, brunch was average, I would not get the same dish again, and they were slow to serve us.",brunch,neutral,0,"Input: ""The decor is not special at all but their food and amazing prices make up for it.""
Term: decor
Output: negative
",3,"Input: ""when tables opened up, the manager sat another party before us.""
Term: tables
Output: neutral
",9,"Input: ""service is good although a bit in your face, we were asked every five mins if food was ok, but better that than being ignored.""
Term: service
Output: positive
",negative,prompt_single_term_fewshot,"Example 1:
Input: ""The decor is not special at all but their food and amazing prices make up for it.""
Term: decor
Output: negative


Example 2:
Input: ""when tables opened up, the manager sat another party before us.""
Term: tables
Output: neutral


Example 3
Input: ""service is good although a bit in your face, we were asked every five mins if food was ok, but better that than being ignored.""
Term: service
Output: positive

    
Task:
Input: As for the food, brunch was average, I would not get the same dish again, and they were slow to serve us.
Prompt: What is the sentiment in the text towards 'brunch'? Only respond with ""positive"", ""negative"" or ""neutral"" as one word."
435,435,164,435,"As for the food, brunch was average, I would not get the same dish again, and they were slow to serve us.",dish,negative,0,"Input: ""The decor is not special at all but their food and amazing prices make up for it.""
Term: decor
Output: negative
",3,"Input: ""when tables opened up, the manager sat another party before us.""
Term: tables
Output: neutral
",9,"Input: ""service is good although a bit in your face, we were asked every five mins if food was ok, but better that than being ignored.""
Term: service
Output: positive
",negative,prompt_single_term_fewshot,"Example 1:
Input: ""The decor is not special at all but their food and amazing prices make up for it.""
Term: decor
Output: negative


Example 2:
Input: ""when tables opened up, the manager sat another party before us.""
Term: tables
Output: neutral


Example 3
Input: ""service is good although a bit in your face, we were asked every five mins if food was ok, but better that than being ignored.""
Term: service
Output: positive

    
Task:
Input: As for the food, brunch was average, I would not get the same dish again, and they were slow to serve us.
Prompt: What is the sentiment in the text towards 'dish'? Only respond with ""positive"", ""negative"" or ""neutral"" as one word."
436,436,165,436,This place would be so much better served by being run by a group that actually understands customer service.,served,positive,0,"Input: ""The decor is not special at all but their food and amazing prices make up for it.""
Term: decor
Output: negative
",3,"Input: ""when tables opened up, the manager sat another party before us.""
Term: tables
Output: neutral
",9,"Input: ""service is good although a bit in your face, we were asked every five mins if food was ok, but better that than being ignored.""
Term: service
Output: positive
",negative,prompt_single_term_fewshot,"Example 1:
Input: ""The decor is not special at all but their food and amazing prices make up for it.""
Term: decor
Output: negative


Example 2:
Input: ""when tables opened up, the manager sat another party before us.""
Term: tables
Output: neutral


Example 3
Input: ""service is good although a bit in your face, we were asked every five mins if food was ok, but better that than being ignored.""
Term: service
Output: positive

    
Task:
Input: This place would be so much better served by being run by a group that actually understands customer service.
Prompt: What is the sentiment in the text towards 'served'? Only respond with ""positive"", ""negative"" or ""neutral"" as one word."
437,437,165,437,This place would be so much better served by being run by a group that actually understands customer service.,service,negative,0,"Input: ""The decor is not special at all but their food and amazing prices make up for it.""
Term: decor
Output: negative
",3,"Input: ""when tables opened up, the manager sat another party before us.""
Term: tables
Output: neutral
",9,"Input: ""service is good although a bit in your face, we were asked every five mins if food was ok, but better that than being ignored.""
Term: service
Output: positive
",negative,prompt_single_term_fewshot,"Example 1:
Input: ""The decor is not special at all but their food and amazing prices make up for it.""
Term: decor
Output: negative


Example 2:
Input: ""when tables opened up, the manager sat another party before us.""
Term: tables
Output: neutral


Example 3
Input: ""service is good although a bit in your face, we were asked every five mins if food was ok, but better that than being ignored.""
Term: service
Output: positive

    
Task:
Input: This place would be so much better served by being run by a group that actually understands customer service.
Prompt: What is the sentiment in the text towards 'service'? Only respond with ""positive"", ""negative"" or ""neutral"" as one word."
438,438,166,438,The only redeeming factor of the night was the dessert which was very good but certainly not worth the cost of an overall horible experience.,dessert,positive,0,"Input: ""The decor is not special at all but their food and amazing prices make up for it.""
Term: decor
Output: negative
",3,"Input: ""when tables opened up, the manager sat another party before us.""
Term: tables
Output: neutral
",9,"Input: ""service is good although a bit in your face, we were asked every five mins if food was ok, but better that than being ignored.""
Term: service
Output: positive
",positive,prompt_single_term_fewshot,"Example 1:
Input: ""The decor is not special at all but their food and amazing prices make up for it.""
Term: decor
Output: negative


Example 2:
Input: ""when tables opened up, the manager sat another party before us.""
Term: tables
Output: neutral


Example 3
Input: ""service is good although a bit in your face, we were asked every five mins if food was ok, but better that than being ignored.""
Term: service
Output: positive

    
Task:
Input: The only redeeming factor of the night was the dessert which was very good but certainly not worth the cost of an overall horible experience.
Prompt: What is the sentiment in the text towards 'dessert'? Only respond with ""positive"", ""negative"" or ""neutral"" as one word."
439,439,166,439,The only redeeming factor of the night was the dessert which was very good but certainly not worth the cost of an overall horible experience.,cost,negative,0,"Input: ""The decor is not special at all but their food and amazing prices make up for it.""
Term: decor
Output: negative
",3,"Input: ""when tables opened up, the manager sat another party before us.""
Term: tables
Output: neutral
",9,"Input: ""service is good although a bit in your face, we were asked every five mins if food was ok, but better that than being ignored.""
Term: service
Output: positive
",negative,prompt_single_term_fewshot,"Example 1:
Input: ""The decor is not special at all but their food and amazing prices make up for it.""
Term: decor
Output: negative


Example 2:
Input: ""when tables opened up, the manager sat another party before us.""
Term: tables
Output: neutral


Example 3
Input: ""service is good although a bit in your face, we were asked every five mins if food was ok, but better that than being ignored.""
Term: service
Output: positive

    
Task:
Input: The only redeeming factor of the night was the dessert which was very good but certainly not worth the cost of an overall horible experience.
Prompt: What is the sentiment in the text towards 'cost'? Only respond with ""positive"", ""negative"" or ""neutral"" as one word."
440,440,167,440,"Although when I went to eat dinner at Bombay Talkie on a crazy busy night, my waiter was extremely helpful through the menu, polite and polished.",dinner,neutral,0,"Input: ""The decor is not special at all but their food and amazing prices make up for it.""
Term: decor
Output: negative
",3,"Input: ""when tables opened up, the manager sat another party before us.""
Term: tables
Output: neutral
",9,"Input: ""service is good although a bit in your face, we were asked every five mins if food was ok, but better that than being ignored.""
Term: service
Output: positive
",neutral,prompt_single_term_fewshot,"Example 1:
Input: ""The decor is not special at all but their food and amazing prices make up for it.""
Term: decor
Output: negative


Example 2:
Input: ""when tables opened up, the manager sat another party before us.""
Term: tables
Output: neutral


Example 3
Input: ""service is good although a bit in your face, we were asked every five mins if food was ok, but better that than being ignored.""
Term: service
Output: positive

    
Task:
Input: Although when I went to eat dinner at Bombay Talkie on a crazy busy night, my waiter was extremely helpful through the menu, polite and polished.
Prompt: What is the sentiment in the text towards 'dinner'? Only respond with ""positive"", ""negative"" or ""neutral"" as one word."
441,441,167,441,"Although when I went to eat dinner at Bombay Talkie on a crazy busy night, my waiter was extremely helpful through the menu, polite and polished.",waiter,positive,0,"Input: ""The decor is not special at all but their food and amazing prices make up for it.""
Term: decor
Output: negative
",3,"Input: ""when tables opened up, the manager sat another party before us.""
Term: tables
Output: neutral
",9,"Input: ""service is good although a bit in your face, we were asked every five mins if food was ok, but better that than being ignored.""
Term: service
Output: positive
",positive,prompt_single_term_fewshot,"Example 1:
Input: ""The decor is not special at all but their food and amazing prices make up for it.""
Term: decor
Output: negative


Example 2:
Input: ""when tables opened up, the manager sat another party before us.""
Term: tables
Output: neutral


Example 3
Input: ""service is good although a bit in your face, we were asked every five mins if food was ok, but better that than being ignored.""
Term: service
Output: positive

    
Task:
Input: Although when I went to eat dinner at Bombay Talkie on a crazy busy night, my waiter was extremely helpful through the menu, polite and polished.
Prompt: What is the sentiment in the text towards 'waiter'? Only respond with ""positive"", ""negative"" or ""neutral"" as one word."
442,442,167,442,"Although when I went to eat dinner at Bombay Talkie on a crazy busy night, my waiter was extremely helpful through the menu, polite and polished.",menu,neutral,0,"Input: ""The decor is not special at all but their food and amazing prices make up for it.""
Term: decor
Output: negative
",3,"Input: ""when tables opened up, the manager sat another party before us.""
Term: tables
Output: neutral
",9,"Input: ""service is good although a bit in your face, we were asked every five mins if food was ok, but better that than being ignored.""
Term: service
Output: positive
",neutral,prompt_single_term_fewshot,"Example 1:
Input: ""The decor is not special at all but their food and amazing prices make up for it.""
Term: decor
Output: negative


Example 2:
Input: ""when tables opened up, the manager sat another party before us.""
Term: tables
Output: neutral


Example 3
Input: ""service is good although a bit in your face, we were asked every five mins if food was ok, but better that than being ignored.""
Term: service
Output: positive

    
Task:
Input: Although when I went to eat dinner at Bombay Talkie on a crazy busy night, my waiter was extremely helpful through the menu, polite and polished.
Prompt: What is the sentiment in the text towards 'menu'? Only respond with ""positive"", ""negative"" or ""neutral"" as one word."
443,443,168,443,"The smoked salmon appetizer was pretty good (it comes with goat cheese, calpers and onions).",smoked salmon appetizer,positive,0,"Input: ""The decor is not special at all but their food and amazing prices make up for it.""
Term: decor
Output: negative
",3,"Input: ""when tables opened up, the manager sat another party before us.""
Term: tables
Output: neutral
",9,"Input: ""service is good although a bit in your face, we were asked every five mins if food was ok, but better that than being ignored.""
Term: service
Output: positive
",positive,prompt_single_term_fewshot,"Example 1:
Input: ""The decor is not special at all but their food and amazing prices make up for it.""
Term: decor
Output: negative


Example 2:
Input: ""when tables opened up, the manager sat another party before us.""
Term: tables
Output: neutral


Example 3
Input: ""service is good although a bit in your face, we were asked every five mins if food was ok, but better that than being ignored.""
Term: service
Output: positive

    
Task:
Input: The smoked salmon appetizer was pretty good (it comes with goat cheese, calpers and onions).
Prompt: What is the sentiment in the text towards 'smoked salmon appetizer'? Only respond with ""positive"", ""negative"" or ""neutral"" as one word."
444,444,168,444,"The smoked salmon appetizer was pretty good (it comes with goat cheese, calpers and onions).",goat cheese,neutral,0,"Input: ""The decor is not special at all but their food and amazing prices make up for it.""
Term: decor
Output: negative
",3,"Input: ""when tables opened up, the manager sat another party before us.""
Term: tables
Output: neutral
",9,"Input: ""service is good although a bit in your face, we were asked every five mins if food was ok, but better that than being ignored.""
Term: service
Output: positive
",neutral,prompt_single_term_fewshot,"Example 1:
Input: ""The decor is not special at all but their food and amazing prices make up for it.""
Term: decor
Output: negative


Example 2:
Input: ""when tables opened up, the manager sat another party before us.""
Term: tables
Output: neutral


Example 3
Input: ""service is good although a bit in your face, we were asked every five mins if food was ok, but better that than being ignored.""
Term: service
Output: positive

    
Task:
Input: The smoked salmon appetizer was pretty good (it comes with goat cheese, calpers and onions).
Prompt: What is the sentiment in the text towards 'goat cheese'? Only respond with ""positive"", ""negative"" or ""neutral"" as one word."
445,445,168,445,"The smoked salmon appetizer was pretty good (it comes with goat cheese, calpers and onions).",onions,neutral,0,"Input: ""The decor is not special at all but their food and amazing prices make up for it.""
Term: decor
Output: negative
",3,"Input: ""when tables opened up, the manager sat another party before us.""
Term: tables
Output: neutral
",9,"Input: ""service is good although a bit in your face, we were asked every five mins if food was ok, but better that than being ignored.""
Term: service
Output: positive
",neutral,prompt_single_term_fewshot,"Example 1:
Input: ""The decor is not special at all but their food and amazing prices make up for it.""
Term: decor
Output: negative


Example 2:
Input: ""when tables opened up, the manager sat another party before us.""
Term: tables
Output: neutral


Example 3
Input: ""service is good although a bit in your face, we were asked every five mins if food was ok, but better that than being ignored.""
Term: service
Output: positive

    
Task:
Input: The smoked salmon appetizer was pretty good (it comes with goat cheese, calpers and onions).
Prompt: What is the sentiment in the text towards 'onions'? Only respond with ""positive"", ""negative"" or ""neutral"" as one word."
446,446,169,446,"The server came by only once to pour additional wine for the table; the rest of the time, we had to fish the bottle out of the two-table communal bucket ourselves.",server,negative,0,"Input: ""The decor is not special at all but their food and amazing prices make up for it.""
Term: decor
Output: negative
",3,"Input: ""when tables opened up, the manager sat another party before us.""
Term: tables
Output: neutral
",9,"Input: ""service is good although a bit in your face, we were asked every five mins if food was ok, but better that than being ignored.""
Term: service
Output: positive
",negative,prompt_single_term_fewshot,"Example 1:
Input: ""The decor is not special at all but their food and amazing prices make up for it.""
Term: decor
Output: negative


Example 2:
Input: ""when tables opened up, the manager sat another party before us.""
Term: tables
Output: neutral


Example 3
Input: ""service is good although a bit in your face, we were asked every five mins if food was ok, but better that than being ignored.""
Term: service
Output: positive

    
Task:
Input: The server came by only once to pour additional wine for the table; the rest of the time, we had to fish the bottle out of the two-table communal bucket ourselves.
Prompt: What is the sentiment in the text towards 'server'? Only respond with ""positive"", ""negative"" or ""neutral"" as one word."
447,447,169,447,"The server came by only once to pour additional wine for the table; the rest of the time, we had to fish the bottle out of the two-table communal bucket ourselves.",wine,neutral,0,"Input: ""The decor is not special at all but their food and amazing prices make up for it.""
Term: decor
Output: negative
",3,"Input: ""when tables opened up, the manager sat another party before us.""
Term: tables
Output: neutral
",9,"Input: ""service is good although a bit in your face, we were asked every five mins if food was ok, but better that than being ignored.""
Term: service
Output: positive
",neutral,prompt_single_term_fewshot,"Example 1:
Input: ""The decor is not special at all but their food and amazing prices make up for it.""
Term: decor
Output: negative


Example 2:
Input: ""when tables opened up, the manager sat another party before us.""
Term: tables
Output: neutral


Example 3
Input: ""service is good although a bit in your face, we were asked every five mins if food was ok, but better that than being ignored.""
Term: service
Output: positive

    
Task:
Input: The server came by only once to pour additional wine for the table; the rest of the time, we had to fish the bottle out of the two-table communal bucket ourselves.
Prompt: What is the sentiment in the text towards 'wine'? Only respond with ""positive"", ""negative"" or ""neutral"" as one word."
448,448,169,448,"The server came by only once to pour additional wine for the table; the rest of the time, we had to fish the bottle out of the two-table communal bucket ourselves.",the table,neutral,0,"Input: ""The decor is not special at all but their food and amazing prices make up for it.""
Term: decor
Output: negative
",3,"Input: ""when tables opened up, the manager sat another party before us.""
Term: tables
Output: neutral
",9,"Input: ""service is good although a bit in your face, we were asked every five mins if food was ok, but better that than being ignored.""
Term: service
Output: positive
",neutral,prompt_single_term_fewshot,"Example 1:
Input: ""The decor is not special at all but their food and amazing prices make up for it.""
Term: decor
Output: negative


Example 2:
Input: ""when tables opened up, the manager sat another party before us.""
Term: tables
Output: neutral


Example 3
Input: ""service is good although a bit in your face, we were asked every five mins if food was ok, but better that than being ignored.""
Term: service
Output: positive

    
Task:
Input: The server came by only once to pour additional wine for the table; the rest of the time, we had to fish the bottle out of the two-table communal bucket ourselves.
Prompt: What is the sentiment in the text towards 'the table'? Only respond with ""positive"", ""negative"" or ""neutral"" as one word."
449,449,169,449,"The server came by only once to pour additional wine for the table; the rest of the time, we had to fish the bottle out of the two-table communal bucket ourselves.",fish,neutral,0,"Input: ""The decor is not special at all but their food and amazing prices make up for it.""
Term: decor
Output: negative
",3,"Input: ""when tables opened up, the manager sat another party before us.""
Term: tables
Output: neutral
",9,"Input: ""service is good although a bit in your face, we were asked every five mins if food was ok, but better that than being ignored.""
Term: service
Output: positive
",negative,prompt_single_term_fewshot,"Example 1:
Input: ""The decor is not special at all but their food and amazing prices make up for it.""
Term: decor
Output: negative


Example 2:
Input: ""when tables opened up, the manager sat another party before us.""
Term: tables
Output: neutral


Example 3
Input: ""service is good although a bit in your face, we were asked every five mins if food was ok, but better that than being ignored.""
Term: service
Output: positive

    
Task:
Input: The server came by only once to pour additional wine for the table; the rest of the time, we had to fish the bottle out of the two-table communal bucket ourselves.
Prompt: What is the sentiment in the text towards 'fish'? Only respond with ""positive"", ""negative"" or ""neutral"" as one word."
450,450,169,450,"The server came by only once to pour additional wine for the table; the rest of the time, we had to fish the bottle out of the two-table communal bucket ourselves.",bottle,neutral,0,"Input: ""The decor is not special at all but their food and amazing prices make up for it.""
Term: decor
Output: negative
",3,"Input: ""when tables opened up, the manager sat another party before us.""
Term: tables
Output: neutral
",9,"Input: ""service is good although a bit in your face, we were asked every five mins if food was ok, but better that than being ignored.""
Term: service
Output: positive
",negative,prompt_single_term_fewshot,"Example 1:
Input: ""The decor is not special at all but their food and amazing prices make up for it.""
Term: decor
Output: negative


Example 2:
Input: ""when tables opened up, the manager sat another party before us.""
Term: tables
Output: neutral


Example 3
Input: ""service is good although a bit in your face, we were asked every five mins if food was ok, but better that than being ignored.""
Term: service
Output: positive

    
Task:
Input: The server came by only once to pour additional wine for the table; the rest of the time, we had to fish the bottle out of the two-table communal bucket ourselves.
Prompt: What is the sentiment in the text towards 'bottle'? Only respond with ""positive"", ""negative"" or ""neutral"" as one word."
